0  0  0  0  0  0  
0  0  0  0  0  0  
0  0  0  0  0  0  
0  0  0  0  0  0  
0  0  0  0  0  0  
0  0  0  0  0  0  
0  0  0  0  0  0  
0  0  0  0  0  0  
0  0  0  0  0  0  
0  0  0  0  0  0  
0  0  0  0  0  0  
0  0  0  0  0  0  
0  0  0  0  0  0  
0  0  0  0  0  0  
0  0  0  0  0  0  
0  0  0  0  0  0  
0  0  0  0  0  0  
0  0  0  0  0  0  
0  0  0  0  0  0  
0  0  0  0  0  0  
0  0  0  0  0  0  
0  0  0  0  0  0  
0  0  0  0  0  0  
0  0  0  0  0  0  
0  0  0  0  0  0  
0  0  0  0  0  0  
0  0  0  0  0  0  
0  0  0  0  0  0  
0  0  0  0  0  0  
0  0  0  0  0  0  
0  0  0  0  0  0  
0  0  0  0  0  0  
0  0  0  0  0  0  
0  0  0  0  0  0  
0  0  0  0  0  0  
0  0  0  0  0  0  
0  0  0  0  0  0  
0  0  0  0  0  0  
0  0  0  0  0  0  
0  0  0  0  0  0  
0  0  0  0  0  0  
0  0  0  0  0  0  
0  0  0  0  0  0  
0  0  0  0  0  0  
0  0  0  0  0  0  
0  0  0  0  0  0  
0  0  0  0  0  0  
1.76245e-05  -1.54215e-05  2.20306e-05  -1.76245e-05  1.32184e-05  -6.60919e-06  
0.00260272  -0.00227738  0.00325341  -0.00260272  0.00195204  -0.000976022  
0.0165275  -0.0144615  0.0206594  -0.0165275  0.0123956  -0.00619781  
0.0438121  -0.0383356  0.0547651  -0.0438121  0.0328591  -0.0164295  
0.0930282  -0.0813996  0.116285  -0.0930282  0.0697711  -0.0348856  
0.137606  -0.120405  0.172008  -0.137606  0.103205  -0.0516023  
0.184798  -0.161699  0.230998  -0.184798  0.138599  -0.0692994  
0.23435  -0.205056  0.292938  -0.23435  0.175763  -0.0878813  
0.283902  -0.248414  0.354878  -0.283902  0.212927  -0.106463  
0.331881  -0.290396  0.414851  -0.331881  0.248911  -0.124455  
0.383006  -0.33513  0.478757  -0.383006  0.287254  -0.143627  
0.430984  -0.377111  0.538731  -0.430984  0.323238  -0.161619  
0.47975  -0.419781  0.599687  -0.47975  0.359812  -0.179906  
0.530088  -0.463827  0.66261  -0.530088  0.397566  -0.198783  
0.578853  -0.506497  0.723567  -0.578853  0.43414  -0.21707  
0.626046  -0.54779  0.782557  -0.626046  0.469534  -0.234767  
0.676384  -0.591836  0.84548  -0.676384  0.507288  -0.253644  
0.725149  -0.634506  0.906437  -0.725149  0.543862  -0.271931  
0.773915  -0.677175  0.967393  -0.773915  0.580436  -0.290218  
0.824253  -0.721221  1.03032  -0.824253  0.61819  -0.309095  
0.872232  -0.763203  1.09029  -0.872232  0.654174  -0.327087  
0.920997  -0.805872  1.15125  -0.920997  0.690748  -0.345374  
0.971335  -0.849918  1.21417  -0.971335  0.728502  -0.364251  
1.02089  -0.893276  1.27611  -1.02089  0.765665  -0.382833  
1.07123  -0.937322  1.33903  -1.07123  0.803419  -0.40171  
1.1192  -0.979304  1.39901  -1.1192  0.839403  -0.419702  
1.16876  -1.02266  1.46095  -1.16876  0.876567  -0.438284  
1.21595  -1.06395  1.51994  -1.21595  0.911961  -0.455981  
1.2655  -1.10731  1.58188  -1.2655  0.949125  -0.474563  
1.31741  -1.15274  1.64676  -1.31741  0.988059  -0.494029  
1.3646  -1.19403  1.70575  -1.3646  1.02345  -0.511726  
1.41494  -1.23807  1.76868  -1.41494  1.06121  -0.530603  
1.46292  -1.28006  1.82865  -1.46292  1.09719  -0.548595  
1.51247  -1.32341  1.89059  -1.51247  1.13435  -0.567177  
1.56202  -1.36677  1.95253  -1.56202  1.17152  -0.585759  
1.61158  -1.41013  2.01447  -1.61158  1.20868  -0.604341  
1.65956  -1.45211  2.07444  -1.65956  1.24467  -0.622333  
1.70832  -1.49478  2.1354  -1.70832  1.28124  -0.64062  
1.7563  -1.53676  2.19537  -1.7563  1.31722  -0.658612  
1.80664  -1.58081  2.2583  -1.80664  1.35498  -0.677489  
1.85619  -1.62417  2.32024  -1.85619  1.39214  -0.696071  
1.90653  -1.66821  2.38316  -1.90653  1.4299  -0.714948  
1.95451  -1.71019  2.44313  -1.95451  1.46588  -0.73294  
2.00327  -1.75286  2.50409  -2.00327  1.50245  -0.751227  
2.05282  -1.79622  2.56603  -2.05282  1.53962  -0.769809  
2.10159  -1.83889  2.62699  -2.10159  1.57619  -0.788096  
2.15035  -1.88156  2.68794  -2.15035  1.61277  -0.806383  
2.20148  -1.92629  2.75185  -2.20148  1.65111  -0.825555  
2.24867  -1.96759  2.81084  -2.24867  1.6865  -0.843252  
2.29822  -2.01095  2.87278  -2.29822  1.72367  -0.861834  
2.34778  -2.0543  2.93472  -2.34778  1.76083  -0.880416  
2.39654  -2.09697  2.99568  -2.39654  1.79741  -0.898703  
2.44609  -2.14033  3.05762  -2.44609  1.83457  -0.917285  
2.49722  -2.18507  3.12152  -2.49722  1.87291  -0.936456  
2.54284  -2.22498  3.17855  -2.54284  1.90713  -0.953564  
2.59239  -2.26834  3.24049  -2.59239  1.94429  -0.972146  
2.64273  -2.31239  3.30341  -2.64273  1.98204  -0.991022  
2.69149  -2.35506  3.36436  -2.69149  2.01862  -1.00931  
2.73947  -2.39704  3.42434  -2.73947  2.0546  -1.0273  
2.7906  -2.44177  3.48824  -2.7906  2.09295  -1.04647  
2.83857  -2.48375  3.54822  -2.83857  2.12893  -1.06447  
2.88891  -2.5278  3.61114  -2.88891  2.16668  -1.08334  
2.93689  -2.56978  3.67111  -2.93689  2.20267  -1.10133  
2.98644  -2.61314  3.73305  -2.98644  2.23983  -1.11992  
3.03678  -2.65718  3.79598  -3.03678  2.27759  -1.13879  
3.08555  -2.69985  3.85693  -3.08555  2.31416  -1.15708  
3.1351  -2.74321  3.91887  -3.1351  2.35132  -1.17566  
3.18465  -2.78657  3.98081  -3.18465  2.38849  -1.19424  
3.23106  -2.82717  4.03882  -3.23106  2.42329  -1.21165  
3.28061  -2.87053  4.10076  -3.28061  2.46046  -1.23023  
3.33173  -2.91527  4.16467  -3.33173  2.4988  -1.2494  
3.38443  -2.96138  4.23054  -3.38443  2.53832  -1.26916  
3.42926  -3.00061  4.28658  -3.42926  2.57195  -1.28597  
3.4796  -3.04465  4.3495  -3.4796  2.6097  -1.30485  
3.52837  -3.08732  4.41046  -3.52837  2.64628  -1.32314  
3.57635  -3.1293  4.47043  -3.57635  2.68226  -1.34113  
3.62432  -3.17128  4.53041  -3.62432  2.71824  -1.35912  
3.67702  -3.21739  4.59628  -3.67702  2.75777  -1.37888  
3.72264  -3.25731  4.6533  -3.72264  2.79198  -1.39599  
3.77377  -3.30205  4.71721  -3.77377  2.83033  -1.41516  
3.82175  -3.34403  4.77718  -3.82175  2.86631  -1.43315  
3.87051  -3.3867  4.83814  -3.87051  2.90288  -1.45144  
3.92085  -3.43074  4.90106  -3.92085  2.94064  -1.47032  
3.97119  -3.47479  4.96398  -3.97119  2.97839  -1.4892  
4.01838  -3.51608  5.02297  -4.01838  3.01378  -1.50689  
4.07108  -3.56219  5.08885  -4.07108  3.05331  -1.52665  
4.11748  -3.6028  5.14685  -4.11748  3.08811  -1.54406  
4.16546  -3.64478  5.20683  -4.16546  3.1241  -1.56205  
4.21501  -3.68814  5.26877  -4.21501  3.16126  -1.58063  
4.26535  -3.73218  5.33169  -4.26535  3.19901  -1.59951  
4.31412  -3.77485  5.39265  -4.31412  3.23559  -1.61779  
4.36446  -3.8189  5.45557  -4.36446  3.27334  -1.63667  
4.41243  -3.86088  5.51554  -4.41243  3.30933  -1.65466  
4.46041  -3.90286  5.57552  -4.46041  3.34531  -1.67266  
4.51154  -3.9476  5.63942  -4.51154  3.38365  -1.69183  
4.55952  -3.98958  5.6994  -4.55952  3.41964  -1.70982  
4.60828  -4.03225  5.76035  -4.60828  3.45621  -1.72811  
4.66098  -4.07836  5.82623  -4.66098  3.49574  -1.74787  
4.70817  -4.11965  5.88522  -4.70817  3.53113  -1.76556  
4.75615  -4.16163  5.94519  -4.75615  3.56711  -1.78356  
4.80649  -4.20568  6.00811  -4.80649  3.60487  -1.80243  
4.85447  -4.24766  6.06809  -4.85447  3.64085  -1.82043  
4.90245  -4.28964  6.12806  -4.90245  3.67684  -1.83842  
4.95279  -4.33369  6.19098  -4.95279  3.71459  -1.85729  
5.00312  -4.37773  6.25391  -5.00312  3.75234  -1.87617  
5.04953  -4.41834  6.31191  -5.04953  3.78715  -1.89357  
5.09987  -4.46238  6.37484  -5.09987  3.8249  -1.91245  
5.15021  -4.50643  6.43776  -5.15021  3.86265  -1.93133  
5.19819  -4.54841  6.49773  -5.19819  3.89864  -1.94932  
5.2501  -4.59383  6.56262  -5.2501  3.93757  -1.96879  
5.29729  -4.63513  6.62161  -5.29729  3.97297  -1.98648  
5.34527  -4.67711  6.68158  -5.34527  4.00895  -2.00448  
5.39482  -4.72047  6.74352  -5.39482  4.04611  -2.02306  
5.44516  -4.76451  6.80645  -5.44516  4.08387  -2.04193  
5.49314  -4.80649  6.86642  -5.49314  4.11985  -2.05993  
5.54112  -4.84848  6.92639  -5.54112  4.15584  -2.07792  
5.59224  -4.89321  6.9903  -5.59224  4.19418  -2.09709  
5.64101  -4.93588  7.05126  -5.64101  4.23075  -2.11538  
5.68977  -4.97855  7.11221  -5.68977  4.26733  -2.13366  
5.7409  -5.02328  7.17612  -5.7409  4.30567  -2.15284  
5.78809  -5.06458  7.23511  -5.78809  4.34107  -2.17053  
5.83685  -5.10725  7.29607  -5.83685  4.37764  -2.18882  
5.88798  -5.15198  7.35997  -5.88798  4.41598  -2.20799  
5.93596  -5.19396  7.41995  -5.93596  4.45197  -2.22598  
5.98394  -5.23594  7.47992  -5.98394  4.48795  -2.24398  
6.03506  -5.28068  7.54383  -6.03506  4.5263  -2.26315  
6.08304  -5.32266  7.6038  -6.08304  4.56228  -2.28114  
6.13259  -5.36602  7.66574  -6.13259  4.59944  -2.29972  
6.18136  -5.40869  7.7267  -6.18136  4.63602  -2.31801  
6.23091  -5.45204  7.78864  -6.23091  4.67318  -2.33659  
6.28125  -5.49609  7.85156  -6.28125  4.71094  -2.35547  
6.33394  -5.5422  7.91743  -6.33394  4.75046  -2.37523  
6.37956  -5.58212  7.97445  -6.37956  4.78467  -2.39234  
6.42754  -5.6241  8.03443  -6.42754  4.82066  -2.41033  
6.47709  -5.66746  8.09637  -6.47709  4.85782  -2.42891  
6.52507  -5.70944  8.15634  -6.52507  4.8938  -2.4469  
6.57541  -5.75349  8.21926  -6.57541  4.93156  -2.46578  
6.62339  -5.79547  8.27924  -6.62339  4.96754  -2.48377  
6.67373  -5.83951  8.34216  -6.67373  5.0053  -2.50265  
6.72328  -5.88287  8.4041  -6.72328  5.04246  -2.52123  
6.77047  -5.92416  8.46309  -6.77047  5.07785  -2.53893  
6.8216  -5.9689  8.527  -6.8216  5.1162  -2.5581  
6.87036  -6.01157  8.58795  -6.87036  5.15277  -2.57639  
6.91756  -6.05286  8.64694  -6.91756  5.18817  -2.59408  
6.96789  -6.09691  8.70987  -6.96789  5.22592  -2.61296  
7.01823  -6.14095  8.77279  -7.01823  5.26367  -2.63184  
7.067  -6.18362  8.83375  -7.067  5.30025  -2.65012  
7.11498  -6.2256  8.89372  -7.11498  5.33623  -2.66812  
7.16453  -6.26896  8.95566  -7.16453  5.3734  -2.6867  
7.21487  -6.31301  9.01858  -7.21487  5.41115  -2.70557  
7.26363  -6.35568  9.07954  -7.26363  5.44772  -2.72386  
7.31161  -6.39766  9.13951  -7.31161  5.48371  -2.74185  
7.36038  -6.44033  9.20047  -7.36038  5.52028  -2.76014  
7.40993  -6.48369  9.26241  -7.40993  5.55745  -2.77872  
7.45948  -6.52704  9.32435  -7.45948  5.59461  -2.7973  
7.50824  -6.56971  9.38531  -7.50824  5.63118  -2.81559  
7.5578  -6.61307  9.44725  -7.5578  5.66835  -2.83417  
7.60971  -6.65849  9.51213  -7.60971  5.70728  -2.85364  
7.65533  -6.69841  9.56916  -7.65533  5.7415  -2.87075  
7.70567  -6.74246  9.63208  -7.70567  5.77925  -2.88962  
7.75522  -6.78581  9.69402  -7.75522  5.81641  -2.90821  
7.80556  -6.82986  9.75694  -7.80556  5.85417  -2.92708  
7.85275  -6.87115  9.81593  -7.85275  5.88956  -2.94478  
7.90447  -6.91641  9.88059  -7.90447  5.92835  -2.96418  
7.94829  -6.95475  9.93536  -7.94829  5.96121  -2.98061  
7.97824  -6.98096  9.9728  -7.97824  5.98368  -2.99184  
7.99543  -6.996  9.99429  -7.99543  5.99657  -2.99829  
7.99987  -6.99989  9.99984  -7.99987  5.9999  -2.99995  
8.00008  -6.99998  9.99988  -7.99988  5.99982  -2.99994  
8.00234  -6.99942  9.99649  -7.99649  5.99474  -2.99825  
8.01071  -6.99732  9.98394  -7.98394  5.9759  -2.99197  
8.02621  -6.99345  9.96068  -7.96068  5.94103  -2.98034  
8.04488  -6.98878  9.93268  -7.93268  5.89901  -2.96634  
8.06832  -6.98292  9.89752  -7.89752  5.84627  -2.94876  
8.09075  -6.97731  9.86388  -7.86388  5.79582  -2.93194  
8.11246  -6.97189  9.83131  -7.83131  5.74697  -2.91566  
8.13488  -6.96628  9.79768  -7.79768  5.69652  -2.89884  
8.15659  -6.96085  9.76511  -7.76511  5.64766  -2.88255  
8.17937  -6.95516  9.73094  -7.73094  5.59641  -2.86547  
8.20215  -6.94946  9.69677  -7.69677  5.54515  -2.84838  
8.22351  -6.94412  9.66474  -7.66474  5.4971  -2.83237  
8.24593  -6.93852  9.6311  -7.6311  5.44665  -2.81555  
8.26907  -6.93273  9.5964  -7.5964  5.39459  -2.7982  
8.29007  -6.92748  9.5649  -7.5649  5.34734  -2.78245  
8.31285  -6.92179  9.53073  -7.53073  5.29609  -2.76536  
8.33599  -6.916  9.49602  -7.49602  5.24403  -2.74801  
8.35663  -6.91084  9.46506  -7.46506  5.19758  -2.73253  
8.3787  -6.90533  9.43195  -7.43195  5.14793  -2.71598  
8.40183  -6.89954  9.39725  -7.39725  5.09588  -2.69863  
8.42426  -6.89394  9.36361  -7.36361  5.04542  -2.68181  
8.44632  -6.88842  9.33051  -7.33051  4.99577  -2.66526  
8.46839  -6.8829  9.29741  -7.29741  4.94612  -2.64871  
8.4901  -6.87747  9.26484  -7.26484  4.89726  -2.63242  
8.5136  -6.8716  9.22961  -7.22961  4.84441  -2.6148  
8.53495  -6.86626  9.19757  -7.19757  4.79636  -2.59879  
8.55702  -6.86074  9.16447  -7.16447  4.7467  -2.58223  
8.57873  -6.85532  9.1319  -7.1319  4.69785  -2.56595  
8.60258  -6.84935  9.09613  -7.09613  4.64419  -2.54806  
8.62394  -6.84402  9.0641  -7.0641  4.59614  -2.53205  
8.64565  -6.83859  9.03153  -7.03153  4.54729  -2.51576  
8.67092  -6.83227  8.99362  -6.99362  4.49043  -2.49681  
8.69156  -6.82711  8.96265  -6.96265  4.44398  -2.48133  
8.71292  -6.82177  8.93062  -6.93062  4.39593  -2.46531  
8.73534  -6.81616  8.89698  -6.89698  4.34548  -2.44849  
8.75777  -6.81056  8.86335  -6.86335  4.29502  -2.43167  
8.77948  -6.80513  8.83078  -6.83078  4.24617  -2.41539  
8.80226  -6.79944  8.79661  -6.79661  4.19492  -2.39831  
8.82433  -6.79392  8.76351  -6.76351  4.14526  -2.38175  
8.84604  -6.78849  8.73094  -6.73094  4.09641  -2.36547  
8.86846  -6.78288  8.6973  -6.6973  4.04596  -2.34865  
8.89124  -6.77719  8.66314  -6.66314  3.9947  -2.33157  
8.91509  -6.77123  8.62736  -6.62736  3.94105  -2.31368  
8.93573  -6.76607  8.5964  -6.5964  3.8946  -2.2982  
8.95745  -6.76064  8.56383  -6.56383  3.84574  -2.28191  
8.98023  -6.75494  8.52966  -6.52966  3.79449  -2.26483  
9.00372  -6.74907  8.49442  -6.49442  3.74163  -2.24721  
9.02579  -6.74355  8.46132  -6.46132  3.69198  -2.23066  
9.04679  -6.7383  8.42982  -6.42982  3.64473  -2.21491  
9.06957  -6.73261  8.39565  -6.39565  3.59348  -2.19783  
9.09092  -6.72727  8.36362  -6.36362  3.54542  -2.18181  
9.11299  -6.72175  8.33051  -6.33051  3.49577  -2.16526  
9.13613  -6.71597  8.29581  -6.29581  3.44372  -2.14791  
9.15855  -6.71036  8.26217  -6.26217  3.39326  -2.13109  
9.18062  -6.70485  8.22907  -6.22907  3.34361  -2.11454  
9.20304  -6.69924  8.19544  -6.19544  3.29316  -2.09772  
9.22475  -6.69381  8.16287  -6.16287  3.2443  -2.08143  
9.24647  -6.68838  8.1303  -6.1303  3.19545  -2.06515  
9.26996  -6.68251  8.09506  -6.09506  3.1426  -2.04753  
9.29131  -6.67717  8.06303  -6.06303  3.09454  -2.03151  
9.31303  -6.67174  8.03046  -6.03046  3.04569  -2.01523  
9.33616  -6.66596  7.99576  -5.99576  2.99364  -1.99788  
9.35752  -6.66062  7.96372  -5.96372  2.94559  -1.98186  
9.3803  -6.65493  7.92955  -5.92955  2.89433  -1.96478  
9.40165  -6.64959  7.89752  -5.89752  2.84628  -1.94876  
9.42443  -6.64389  7.86335  -5.86335  2.79503  -1.93168  
9.44935  -6.63766  7.82598  -5.82598  2.73897  -1.91299  
9.46893  -6.63277  7.79661  -5.79661  2.69492  -1.89831  
9.49135  -6.62716  7.76298  -5.76298  2.64446  -1.88149  
9.51413  -6.62147  7.72881  -5.72881  2.59321  -1.8644  
9.5362  -6.61595  7.6957  -5.6957  2.54356  -1.84785  
9.55791  -6.61052  7.66314  -5.66314  2.49471  -1.83157  
9.58033  -6.60492  7.6295  -5.6295  2.44425  -1.81475  
9.60276  -6.59931  7.59587  -5.59587  2.3938  -1.79793  
9.62518  -6.5937  7.56223  -5.56223  2.34334  -1.78111  
9.64689  -6.58828  7.52966  -5.52966  2.29449  -1.76483  
9.67074  -6.58232  7.49389  -5.49389  2.24084  -1.74695  
9.69138  -6.57715  7.46292  -5.46292  2.19439  -1.73146  
9.71559  -6.5711  7.42662  -5.42662  2.13993  -1.71331  
9.73588  -6.56603  7.39619  -5.39619  2.09428  -1.69809  
9.75901  -6.56025  7.36148  -5.36148  2.04222  -1.68074  
9.78037  -6.55491  7.32945  -5.32945  1.99417  -1.66472  
9.80315  -6.54921  7.29528  -5.29528  1.94292  -1.64764  
9.8245  -6.54387  7.26324  -5.26324  1.89487  -1.63162  
9.84835  -6.53791  7.22747  -5.22747  1.84121  -1.61374  
9.86971  -6.53257  7.19544  -5.19544  1.79316  -1.59772  
9.89178  -6.52706  7.16234  -5.16234  1.74351  -1.58117  
9.91384  -6.52154  7.12924  -5.12924  1.69385  -1.56462  
9.93627  -6.51593  7.0956  -5.0956  1.6434  -1.5478  
9.9594  -6.51015  7.0609  -5.0609  1.59134  -1.53045  
9.98218  -6.50445  7.02673  -5.02673  1.54009  -1.51336  
10.0028  -6.49929  6.99576  -4.99576  1.49364  -1.49788  
10.0253  -6.49369  6.96212  -4.96212  1.44319  -1.48106  
10.0473  -6.48817  6.92902  -4.92902  1.39353  -1.46451  
10.0705  -6.48239  6.89432  -4.89432  1.34148  -1.44716  
10.0918  -6.47705  6.86228  -4.86228  1.29343  -1.43114  
10.1153  -6.47117  6.82705  -4.82705  1.24057  -1.41352  
10.137  -6.46575  6.79448  -4.79448  1.19172  -1.39724  
10.1587  -6.46032  6.76191  -4.76191  1.14287  -1.38096  
10.1804  -6.45489  6.72934  -4.72934  1.09401  -1.36467  
10.2036  -6.44911  6.69464  -4.69464  1.04196  -1.34732  
10.2264  -6.44341  6.66047  -4.66047  0.990704  -1.33023  
10.2477  -6.43807  6.62843  -4.62843  0.942652  -1.31422  
10.2698  -6.43256  6.59533  -4.59533  0.893  -1.29767  
10.2922  -6.42695  6.5617  -4.5617  0.842546  -1.28085  
10.315  -6.42125  6.52753  -4.52753  0.791291  -1.26376  
10.337  -6.41574  6.49443  -4.49443  0.741638  -1.24721  
10.3591  -6.41022  6.46132  -4.46132  0.691986  -1.23066  
10.3819  -6.40453  6.42715  -4.42715  0.640731  -1.21358  
10.4029  -6.39928  6.39565  -4.39565  0.593481  -1.19783  
10.4253  -6.39367  6.36202  -4.36202  0.543027  -1.18101  
10.4481  -6.38797  6.32785  -4.32785  0.491772  -1.16392  
10.4716  -6.3821  6.29261  -4.29261  0.438916  -1.14631  
10.4933  -6.37667  6.26004  -4.26004  0.390064  -1.13002  
10.5164  -6.37089  6.22534  -4.22534  0.338009  -1.11267  
10.5364  -6.36591  6.19544  -4.19544  0.293161  -1.09772  
10.5592  -6.36021  6.16127  -4.16127  0.241906  -1.08064  
10.5819  -6.35452  6.1271  -4.1271  0.190652  -1.06355  
10.6033  -6.34918  6.09507  -4.09507  0.1426  -1.04753  
10.6268  -6.3433  6.05983  -4.05983  0.0897442  -1.02991  
10.6485  -6.33788  6.02726  -4.02726  0.0408921  -1.01363  
10.6713  -6.33218  5.99309  -3.99309  -0.0103624  -0.996546  
10.6923  -6.32693  5.96159  -3.96159  -0.0576128  -0.980796  
10.7165  -6.32088  5.92529  -3.92529  -0.112071  -0.962643  
10.7375  -6.31563  5.89379  -3.89379  -0.159321  -0.946893  
10.7599  -6.31003  5.86015  -3.86015  -0.209775  -0.930075  
10.782  -6.30451  5.82705  -3.82705  -0.259428  -0.913524  
10.8037  -6.29908  5.79448  -3.79448  -0.30828  -0.89724  
10.8257  -6.29356  5.76138  -3.76138  -0.357933  -0.880689  
10.8492  -6.28769  5.72614  -3.72614  -0.410789  -0.86307  
10.8731  -6.28173  5.69037  -3.69037  -0.464446  -0.845185  
10.8934  -6.27666  5.65994  -3.65994  -0.510095  -0.829968  
10.9158  -6.27105  5.6263  -3.6263  -0.560548  -0.813151  
10.9379  -6.26553  5.5932  -3.5932  -0.610201  -0.7966  
10.9599  -6.26002  5.5601  -3.5601  -0.659854  -0.780049  
10.9816  -6.25459  5.52753  -3.52753  -0.708706  -0.763765  
11.0044  -6.24889  5.49336  -3.49336  -0.759961  -0.74668  
11.0269  -6.24329  5.45972  -3.45972  -0.810414  -0.729862  
11.0493  -6.23768  5.42609  -3.42609  -0.860868  -0.713044  
11.0721  -6.23199  5.39192  -3.39192  -0.912123  -0.695959  
11.0934  -6.22665  5.35988  -3.35988  -0.960174  -0.679942  
11.1155  -6.22113  5.32678  -3.32678  -1.00983  -0.663391  
11.1375  -6.21561  5.29368  -3.29368  -1.05948  -0.64684  
11.1593  -6.21019  5.26111  -3.26111  -1.10833  -0.630556  
11.1831  -6.20422  5.22534  -3.22534  -1.16199  -0.61267  
11.2045  -6.19888  5.19331  -3.19331  -1.21004  -0.596653  
11.228  -6.19301  5.15807  -3.15807  -1.2629  -0.579035  
11.2486  -6.18785  5.1271  -3.1271  -1.30935  -0.563551  
11.271  -6.18224  5.09347  -3.09347  -1.3598  -0.546733  
11.2931  -6.17673  5.06037  -3.06037  -1.40945  -0.530183  
11.3152  -6.17121  5.02726  -3.02726  -1.45911  -0.513632  
11.3376  -6.1656  4.99363  -2.99363  -1.50956  -0.496814  
11.3607  -6.15982  4.95892  -2.95892  -1.56161  -0.479462  
11.3828  -6.1543  4.92582  -2.92582  -1.61127  -0.462911  
11.4063  -6.14843  4.89058  -2.89058  -1.66412  -0.445292  
11.4269  -6.14327  4.85962  -2.85962  -1.71057  -0.429809  
11.4497  -6.13757  4.82545  -2.82545  -1.76183  -0.412724  
11.4718  -6.13206  4.79235  -2.79235  -1.81148  -0.396173  
11.4935  -6.12663  4.75978  -2.75978  -1.86033  -0.379889  
11.5177  -6.12058  4.72347  -2.72347  -1.91479  -0.361736  
11.5387  -6.11533  4.69197  -2.69197  -1.96204  -0.345986  
11.5597  -6.11008  4.66047  -2.66047  -2.00929  -0.330236  
11.5821  -6.10447  4.62684  -2.62684  -2.05974  -0.313418  
11.6049  -6.09878  4.59267  -2.59267  -2.111  -0.296333  
11.6277  -6.09308  4.5585  -2.5585  -2.16225  -0.279249  
11.6494  -6.08765  4.52593  -2.52593  -2.21111  -0.262965  
11.6714  -6.08214  4.49283  -2.49283  -2.26076  -0.246414  
11.6932  -6.07671  4.46026  -2.46026  -2.30961  -0.23013  
11.7163  -6.07093  4.42556  -2.42556  -2.36167  -0.212778  
11.7391  -6.06523  4.39139  -2.39139  -2.41292  -0.195693  
11.7604  -6.05989  4.35935  -2.35935  -2.46097  -0.179676  
11.7829  -6.05429  4.32572  -2.32572  -2.51143  -0.162858  
11.8053  -6.04868  4.29208  -2.29208  -2.56188  -0.14604  
11.827  -6.04325  4.25951  -2.25951  -2.61073  -0.129756  
11.8494  -6.03765  4.22588  -2.22588  -2.66119  -0.112938  
11.8718  -6.03204  4.19224  -2.19224  -2.71164  -0.0961203  
11.8939  -6.02652  4.15914  -2.15914  -2.76129  -0.0795693  
11.917  -6.02074  4.12443  -2.12443  -2.81335  -0.0622175  
11.938  -6.01549  4.09293  -2.09293  -2.8606  -0.0464674  
11.9603  -6.00993  4.0596  -2.0596  -2.9106  -0.0297995  
11.9804  -6.0049  4.0294  -2.0294  -2.9559  -0.0146991  
11.9927  -6.00184  4.01102  -2.01102  -2.98348  -0.0055081  
11.9987  -6.00032  4.00192  -2.00192  -2.99712  -0.0009613  
12  -6  4.00001  -2.00001  -2.99998  -6.13059e-06  
11.9992  -6.00029  4.00015  -1.99942  -2.99978  0.000580576  
11.9872  -6.00466  4.00233  -1.99068  -2.9965  0.00932044  
11.9532  -6.01701  4.0085  -1.96599  -2.98725  0.0340127  
11.886  -6.04144  4.02072  -1.91712  -2.96892  0.0828778  
11.8211  -6.06504  4.03252  -1.86992  -2.95122  0.130078  
11.7428  -6.09353  4.04676  -1.81295  -2.92986  0.187053  
11.6607  -6.12337  4.06169  -1.75326  -2.90747  0.246742  
11.5874  -6.15005  4.07502  -1.6999  -2.88746  0.3001  
11.5103  -6.17809  4.08904  -1.64383  -2.86644  0.356171  
11.4344  -6.20567  4.10283  -1.58866  -2.84575  0.411339  
11.3499  -6.23642  4.11821  -1.52716  -2.82269  0.472836  
11.2665  -6.26671  4.13336  -1.46657  -2.79996  0.53343  
11.2006  -6.29068  4.14534  -1.41864  -2.78199  0.581362  
11.121  -6.31962  4.15981  -1.36076  -2.76028  0.639242  
11.0464  -6.34675  4.17338  -1.3065  -2.73994  0.693505  
10.9619  -6.3775  4.18875  -1.245  -2.71687  0.755002  
10.8873  -6.40463  4.20232  -1.19073  -2.69653  0.809265  
10.8102  -6.43267  4.21633  -1.13466  -2.6755  0.865337  
10.7268  -6.46296  4.23148  -1.07407  -2.65278  0.92593  
10.656  -6.48874  4.24437  -1.02252  -2.63345  0.97748  
10.5801  -6.51632  4.25816  -0.967353  -2.61276  1.03265  
10.503  -6.54436  4.27218  -0.911282  -2.59173  1.08872  
10.4247  -6.57285  4.28642  -0.854306  -2.57036  1.14569  
10.3438  -6.60224  4.30112  -0.795521  -2.54832  1.20448  
10.2655  -6.63073  4.31536  -0.738546  -2.52695  1.26145  
10.1896  -6.65831  4.32916  -0.683378  -2.50627  1.31662  
10.1101  -6.68725  4.34363  -0.625498  -2.48456  1.3745  
10.023  -6.7189  4.35945  -0.562192  -2.46082  1.43781  
9.95462  -6.74377  4.37189  -0.512451  -2.44217  1.48755  
9.87752  -6.77181  4.38591  -0.456379  -2.42114  1.54362  
9.80042  -6.79985  4.39992  -0.400308  -2.40012  1.59969  
9.72084  -6.82879  4.41439  -0.342428  -2.37841  1.65757  
9.64747  -6.85547  4.42773  -0.289069  -2.3584  1.71093  
9.56664  -6.88486  4.44243  -0.230285  -2.33636  1.76972  
9.49079  -6.91244  4.45622  -0.175118  -2.31567  1.82488  
9.40001  -6.94545  4.47273  -0.109098  -2.29091  1.8909  
9.33162  -6.97032  4.48516  -0.0593572  -2.27226  1.94064  
9.257  -6.99745  4.49873  -0.00509447  -2.25191  1.99491  
9.17245  -7.0282  4.5141  0.0564033  -2.22885  2.0564  
9.10281  -7.05352  4.52676  0.107048  -2.20986  2.10705  
9.02571  -7.08156  4.54078  0.16312  -2.18883  2.16312  
8.94612  -7.1105  4.55525  0.221  -2.16712  2.221  
8.86778  -7.13899  4.56949  0.277976  -2.14576  2.27798  
8.78944  -7.16748  4.58374  0.334952  -2.12439  2.33495  
8.7111  -7.19596  4.59798  0.391928  -2.10303  2.39193  
8.634  -7.224  4.612  0.447999  -2.082  2.448  
8.55815  -7.25158  4.62579  0.503166  -2.06131  2.50317  
8.47856  -7.28052  4.64026  0.561047  -2.03961  2.56105  
8.40271  -7.30811  4.65405  0.616214  -2.01892  2.61621  
8.32312  -7.33705  4.66852  0.674094  -1.99721  2.67409  
8.24727  -7.36463  4.68232  0.729261  -1.97653  2.72926  
8.16892  -7.39312  4.69656  0.786237  -1.95516  2.78624  
8.09183  -7.42115  4.71058  0.842308  -1.93413  2.84231  
8.01473  -7.44919  4.72459  0.89838  -1.91311  2.89838  
7.9339  -7.47858  4.73929  0.957164  -1.89106  2.95716  
7.86053  -7.50526  4.75263  1.01052  -1.87105  3.01052  
7.77846  -7.53511  4.76755  1.07021  -1.84867  3.07021  
7.70136  -7.56314  4.78157  1.12628  -1.82764  3.12628  
7.61929  -7.59299  4.79649  1.18597  -1.80526  3.18597  
7.54841  -7.61876  4.80938  1.23752  -1.78593  3.23752  
7.46882  -7.6477  4.82385  1.2954  -1.76422  3.2954  
7.39297  -7.67528  4.83764  1.35057  -1.74354  3.35057  
7.31214  -7.70468  4.85234  1.40935  -1.72149  3.40935  
7.22509  -7.73633  4.86817  1.47266  -1.69775  3.47266  
7.15919  -7.7603  4.88015  1.52059  -1.67978  3.52059  
7.0796  -7.78924  4.89462  1.57847  -1.65807  3.57847  
6.99628  -7.81953  4.90977  1.63907  -1.63535  3.63907  
6.92665  -7.84486  4.92243  1.68971  -1.61636  3.68971  
6.84457  -7.8747  4.93735  1.7494  -1.59397  3.7494  
6.76872  -7.90228  4.95114  1.80457  -1.57329  3.80457  
6.68665  -7.93213  4.96606  1.86426  -1.5509  3.86426  
6.60706  -7.96107  4.98053  1.92214  -1.5292  3.92214  
6.53618  -7.98684  4.99342  1.97369  -1.50987  3.97369  
6.45908  -8.01488  5.00744  2.02976  -1.48884  4.02976  
6.38323  -8.04246  5.02123  2.08492  -1.46815  4.08492  
6.30364  -8.0714  5.0357  2.1428  -1.44645  4.1428  
6.22779  -8.09899  5.04949  2.19797  -1.42576  4.19797  
6.1482  -8.12793  5.06396  2.25585  -1.40406  4.25585  
6.07235  -8.15551  5.07775  2.31102  -1.38337  4.31102  
5.99401  -8.184  5.092  2.368  -1.362  4.368  
5.91318  -8.21339  5.10669  2.42678  -1.33996  4.42678  
5.83732  -8.24097  5.12049  2.48195  -1.31927  4.48195  
5.76022  -8.26901  5.1345  2.53802  -1.29824  4.53802  
5.68313  -8.29704  5.14852  2.59409  -1.27722  4.59409  
5.60105  -8.32689  5.16344  2.65378  -1.25483  4.65378  
5.52769  -8.35357  5.17678  2.70714  -1.23482  4.70714  
5.4481  -8.38251  5.19125  2.76502  -1.21312  4.76502  
5.37225  -8.41009  5.20505  2.82018  -1.19243  4.82018  
5.29142  -8.43948  5.21974  2.87897  -1.17039  4.87897  
5.21681  -8.46662  5.23331  2.93323  -1.15004  4.93323  
5.13971  -8.49465  5.24733  2.9893  -1.12901  4.9893  
5.04893  -8.52766  5.26383  3.05532  -1.10425  5.05532  
4.97929  -8.55298  5.27649  3.10597  -1.08526  5.10597  
4.9022  -8.58102  5.29051  3.16204  -1.06424  5.16204  
4.82758  -8.60815  5.30408  3.2163  -1.04389  5.2163  
4.74676  -8.63754  5.31877  3.27509  -1.02184  5.27509  
4.66841  -8.66603  5.33302  3.33206  -1.00048  5.33206  
4.59256  -8.69361  5.34681  3.38723  -0.979789  5.38723  
4.50924  -8.72391  5.36196  3.44782  -0.957066  5.44782  
4.43836  -8.74969  5.37484  3.49937  -0.937735  5.49937  
4.36002  -8.77817  5.38909  3.55635  -0.916369  5.55635  
4.28292  -8.80621  5.40311  3.61242  -0.895342  5.61242  
4.19836  -8.83696  5.41848  3.67392  -0.872281  5.67392  
4.12873  -8.86228  5.43114  3.72456  -0.853289  5.72456  
4.0479  -8.89167  5.44584  3.78335  -0.831245  5.78335  
3.96956  -8.92016  5.46008  3.84032  -0.809879  5.84032  
3.88748  -8.95001  5.475  3.90001  -0.787495  5.90001  
3.81785  -8.97533  5.48766  3.95066  -0.768503  5.95066  
3.73577  -9.00517  5.50259  4.01035  -0.74612  6.01035  
3.66116  -9.0323  5.51615  4.06461  -0.725772  6.06461  
3.58282  -9.06079  5.5304  4.12159  -0.704406  6.12159  
3.50821  -9.08792  5.54396  4.17585  -0.684057  6.17585  
3.42738  -9.11732  5.55866  4.23463  -0.662013  6.23463  
3.35028  -9.14535  5.57268  4.2907  -0.640986  6.2907  
3.2707  -9.17429  5.58715  4.34858  -0.619281  6.34858  
3.19733  -9.20097  5.60049  4.40194  -0.599272  6.40194  
3.11774  -9.22991  5.61496  4.45982  -0.577566  6.45982  
3.04065  -9.25795  5.62897  4.51589  -0.55654  6.51589  
2.96479  -9.28553  5.64277  4.57106  -0.535852  6.57106  
2.88272  -9.31538  5.65769  4.63075  -0.513469  6.63075  
2.80811  -9.34251  5.67125  4.68501  -0.49312  6.68501  
2.72977  -9.37099  5.6855  4.74199  -0.471754  6.74199  
2.65267  -9.39903  5.69952  4.79806  -0.450727  6.79806  
2.57433  -9.42752  5.71376  4.85504  -0.429361  6.85504  
2.49598  -9.45601  5.728  4.91201  -0.407995  6.91201  
2.41764  -9.48449  5.74225  4.96899  -0.38663  6.96899  
2.33806  -9.51343  5.75672  5.02687  -0.364924  7.02687  
2.26345  -9.54057  5.77028  5.08113  -0.344576  7.08113  
2.18137  -9.57041  5.7852  5.14082  -0.322193  7.14082  
2.10676  -9.59754  5.79877  5.19508  -0.301844  7.19508  
2.02966  -9.62558  5.81279  5.25115  -0.280817  7.25115  
1.95381  -9.65316  5.82658  5.30632  -0.26013  7.30632  
1.87422  -9.6821  5.84105  5.3642  -0.238424  7.3642  
1.79712  -9.71014  5.85507  5.42027  -0.217398  7.42027  
1.71878  -9.73862  5.86931  5.47725  -0.196032  7.47725  
1.64168  -9.76666  5.88333  5.53332  -0.175005  7.53332  
1.56334  -9.79515  5.89757  5.5903  -0.153639  7.5903  
1.485  -9.82364  5.91182  5.64727  -0.132273  7.64727  
1.4079  -9.85167  5.92584  5.70334  -0.111246  7.70334  
1.32459  -9.88197  5.94098  5.76394  -0.0885237  7.76394  
1.25371  -9.90774  5.95387  5.81549  -0.0691926  7.81549  
1.17165  -9.93758  5.96879  5.87516  -0.0468133  7.87516  
1.1009  -9.96331  5.98165  5.92662  -0.0275191  7.92662  
1.0433  -9.98426  5.99213  5.96851  -0.0118083  7.96851  
1.01084  -9.99606  5.99803  5.99212  -0.002955  7.99212  
1.00055  -9.9998  5.9999  5.9996  -0.000151186  7.9996  
0.999988  -9.99998  5.99999  5.99999  1.54609e-05  7.99999  
0.997597  -9.99622  5.99725  5.99863  0.0030892  7.9976  
0.98443  -9.97553  5.98221  5.9911  0.020019  7.98443  
0.960193  -9.93745  5.95451  5.97725  0.0511801  7.96019  
0.922672  -9.87849  5.91163  5.95581  0.0994213  7.92267  
0.881395  -9.81362  5.86445  5.93223  0.152492  7.8814  
0.841179  -9.75042  5.81849  5.90925  0.204198  7.84118  
0.798282  -9.68302  5.76947  5.88473  0.259351  7.79828  
0.756726  -9.61771  5.72197  5.86099  0.312781  7.75673  
0.715169  -9.55241  5.67448  5.83724  0.366211  7.71517  
0.672943  -9.48605  5.62622  5.81311  0.420502  7.67294  
0.631386  -9.42075  5.57873  5.78936  0.473932  7.63139  
0.58916  -9.35439  5.53047  5.76523  0.528223  7.58916  
0.546933  -9.28804  5.48221  5.7411  0.582515  7.54693  
0.505376  -9.22273  5.43472  5.71736  0.635945  7.50538  
0.46315  -9.15638  5.38646  5.69323  0.690236  7.46315  
0.418242  -9.08581  5.33513  5.66757  0.747975  7.41824  
0.380037  -9.02577  5.29147  5.64574  0.797096  7.38004  
0.336469  -8.95731  5.24168  5.62084  0.853111  7.33647  
0.296254  -8.89411  5.19572  5.59786  0.904817  7.29625  
0.255367  -8.82986  5.14899  5.5745  0.957385  7.25537  
0.21247  -8.76245  5.09997  5.54998  1.01254  7.21247  
0.168903  -8.69399  5.05017  5.52509  1.06855  7.1689  
0.129357  -8.63185  5.00498  5.50249  1.1194  7.12936  
0.0871307  -8.56549  4.95672  5.47836  1.17369  7.08713  
0.044904  -8.49913  4.90846  5.45423  1.22798  7.0449  
0.00334755  -8.43383  4.86097  5.43048  1.28141  7.00335  
-0.0382089  -8.36853  4.81348  5.40674  1.33484  6.96179  
-0.0797654  -8.30323  4.76598  5.38299  1.38827  6.92023  
-0.122662  -8.23582  4.71696  5.35848  1.44342  6.87734  
-0.1669  -8.1663  4.6664  5.3332  1.5003  6.8331  
-0.207786  -8.10205  4.61967  5.30984  1.55287  6.79221  
-0.248672  -8.0378  4.57295  5.28647  1.60544  6.75133  
-0.290229  -7.9725  4.52545  5.26273  1.65887  6.70977  
-0.331785  -7.90719  4.47796  5.23898  1.7123  6.66821  
-0.375352  -7.83873  4.42817  5.21408  1.76831  6.62465  
-0.416239  -7.77448  4.38144  5.19072  1.82088  6.58376  
-0.457125  -7.71023  4.33471  5.16736  1.87345  6.54288  
-0.500022  -7.64282  4.28569  5.14284  1.9286  6.49998  
-0.542248  -7.57647  4.23743  5.11872  1.98289  6.45775  
-0.583135  -7.51222  4.1907  5.09535  2.03546  6.41687  
-0.631394  -7.43638  4.13555  5.06777  2.09751  6.36861  
-0.666918  -7.38056  4.09495  5.04748  2.14318  6.33308  
-0.709145  -7.3142  4.04669  5.02335  2.19747  6.29086  
-0.752042  -7.24679  3.99767  4.99883  2.25262  6.24796  
-0.792928  -7.18254  3.95094  4.97547  2.30519  6.20707  
-0.835154  -7.11619  3.90268  4.95134  2.35948  6.16485  
-0.87537  -7.05299  3.85672  4.92836  2.41119  6.12463  
-0.918938  -6.98453  3.80693  4.90346  2.46721  6.08106  
-0.966526  -6.90974  3.75254  4.87627  2.52839  6.03347  
-1.00339  -6.85181  3.71041  4.85521  2.57579  5.99661  
-1.04562  -6.78546  3.66215  4.83108  2.63008  5.95438  
-1.08516  -6.72331  3.61696  4.80848  2.68092  5.91484  
-1.13409  -6.64643  3.56104  4.78052  2.74383  5.86591  
-1.17029  -6.58955  3.51967  4.75984  2.79037  5.82971  
-1.21318  -6.52214  3.47065  4.73532  2.84552  5.78682  
-1.25809  -6.45157  3.41932  4.70966  2.90326  5.74191  
-1.30032  -6.38521  3.37106  4.68553  2.95755  5.69968  
-1.33919  -6.32412  3.32664  4.66332  3.00754  5.66081  
-1.38075  -6.25882  3.27914  4.63957  3.06096  5.61925  
-1.42298  -6.19246  3.23088  4.61544  3.11526  5.57702  
-1.4652  -6.12611  3.18262  4.59131  3.16955  5.5348  
-1.50475  -6.06396  3.13743  4.56871  3.22039  5.49525  
-1.54698  -5.99761  3.08917  4.54458  3.27468  5.45302  
-1.59255  -5.92599  3.03708  4.51854  3.33328  5.40745  
-1.63143  -5.8649  2.99265  4.49633  3.38327  5.36857  
-1.67366  -5.79854  2.94439  4.4722  3.43756  5.32634  
-1.71521  -5.73324  2.8969  4.44845  3.49099  5.28479  
-1.75543  -5.67004  2.85094  4.42547  3.54269  5.24457  
-1.79833  -5.60263  2.80191  4.40096  3.59785  5.20167  
-1.84189  -5.53417  2.75212  4.37606  3.65386  5.15811  
-1.88278  -5.46992  2.7054  4.3527  3.70643  5.11722  
-1.92568  -5.40251  2.65637  4.32818  3.76158  5.07432  
-1.96522  -5.34037  2.61117  4.30559  3.81243  5.03478  
-2.00812  -5.27296  2.56215  4.28107  3.86758  4.99188  
-2.05035  -5.2066  2.51389  4.25695  3.92187  4.94965  
-2.09123  -5.14235  2.46716  4.23358  3.97444  4.90877  
-2.13614  -5.07178  2.41584  4.20792  4.03218  4.86386  
-2.17703  -5.00753  2.36911  4.18456  4.08475  4.82297  
-2.21791  -4.94328  2.32239  4.16119  4.13732  4.78209  
-2.2588  -4.87903  2.27566  4.13783  4.18988  4.7412  
-2.30237  -4.81057  2.22587  4.11293  4.2459  4.69763  
-2.34325  -4.74632  2.17914  4.08957  4.29847  4.65675  
-2.38548  -4.67996  2.13088  4.06544  4.35276  4.61452  
-2.42703  -4.61466  2.08339  4.04169  4.40619  4.57297  
-2.46792  -4.55041  2.03666  4.01833  4.45876  4.53208  
-2.51015  -4.48405  1.9884  3.9942  4.51305  4.48985  
-2.55237  -4.4177  1.94014  3.97007  4.56734  4.44763  
-2.59594  -4.34923  1.89035  3.94518  4.62335  4.40406  
-2.63616  -4.28604  1.84439  3.9222  4.67506  4.36384  
-2.67771  -4.22073  1.7969  3.89845  4.72849  4.32229  
-2.72061  -4.15333  1.74787  3.87394  4.78364  4.27939  
-2.76083  -4.09013  1.70191  3.85096  4.83535  4.23917  
-2.80506  -4.02061  1.65135  3.82568  4.89223  4.19494  
-2.84528  -3.95742  1.60539  3.8027  4.94393  4.15472  
-2.88617  -3.89317  1.55867  3.77933  4.9965  4.11383  
-2.93309  -3.81944  1.50505  3.75252  5.05682  4.06691  
-2.97397  -3.75519  1.45832  3.72916  5.10939  4.02603  
-3.01285  -3.6941  1.41389  3.70694  5.15937  3.98715  
-3.05708  -3.62458  1.36333  3.68167  5.21625  3.94292  
-3.09797  -3.56033  1.31661  3.6583  5.26882  3.90203  
-3.1402  -3.49398  1.26835  3.63417  5.32311  3.8598  
-3.18108  -3.42973  1.22162  3.61081  5.37568  3.81892  
-3.22331  -3.36337  1.17336  3.58668  5.42997  3.77669  
-3.2642  -3.29912  1.12663  3.56332  5.48254  3.7358  
-3.30575  -3.23382  1.07914  3.53957  5.53597  3.69425  
-3.34798  -3.16746  1.03088  3.51544  5.59026  3.65202  
-3.39021  -3.1011  0.982621  3.49131  5.64455  3.60979  
-3.4331  -3.03369  0.933596  3.4668  5.6997  3.5669  
-3.47466  -2.96839  0.886103  3.44305  5.75313  3.52534  
-3.51555  -2.90414  0.839376  3.41969  5.8057  3.48445  
-3.5571  -2.83884  0.791883  3.39594  5.85913  3.4429  
-3.60134  -2.76932  0.741326  3.37066  5.91601  3.39866  
-3.6429  -2.70402  0.693833  3.34692  5.96944  3.3571  
-3.68445  -2.63872  0.64634  3.32317  6.02287  3.31555  
-3.72601  -2.57341  0.598847  3.29942  6.0763  3.27399  
-3.7669  -2.50916  0.55212  3.27606  6.12887  3.2331  
-3.80979  -2.44175  0.503094  3.25155  6.18402  3.19021  
-3.85135  -2.37645  0.455601  3.2278  6.23745  3.14865  
-3.89224  -2.3122  0.408874  3.20444  6.29002  3.10776  
-3.93714  -2.24163  0.357551  3.17878  6.34776  3.06286  
-3.97602  -2.18054  0.313122  3.15656  6.39774  3.02398  
-4.01824  -2.11419  0.264863  3.13243  6.45203  2.98176  
-4.06047  -2.04783  0.216604  3.1083  6.50632  2.93953  
-4.10404  -1.97937  0.166813  3.08341  6.56234  2.89596  
-4.1456  -1.91406  0.11932  3.05966  6.61577  2.8544  
-4.18648  -1.84981  0.0725925  3.0363  6.66833  2.81352  
-4.22938  -1.78241  0.0235674  3.01178  6.72349  2.77062  
-4.26959  -1.71921  -0.0223937  2.9888  6.77519  2.73041  
-4.31182  -1.65285  -0.0706528  2.96467  6.82948  2.68818  
-4.35606  -1.58334  -0.12121  2.9394  6.88636  2.64394  
-4.39694  -1.51909  -0.167937  2.91603  6.93893  2.60306  
-4.43716  -1.45589  -0.213898  2.89305  6.99064  2.56284  
-4.47872  -1.39059  -0.261391  2.8693  7.04407  2.52128  
-4.52228  -1.32212  -0.311182  2.84441  7.10008  2.47772  
-4.56384  -1.25682  -0.358675  2.82066  7.15351  2.43616  
-4.60473  -1.19257  -0.405402  2.7973  7.20608  2.39527  
-4.64628  -1.12727  -0.452896  2.77355  7.25951  2.35372  
-4.68918  -1.05986  -0.501921  2.74904  7.31466  2.31082  
-4.73342  -0.990343  -0.552478  2.72376  7.37154  2.26658  
-4.77296  -0.9282  -0.597673  2.70116  7.42238  2.22704  
-4.82122  -0.852364  -0.652826  2.67359  7.48443  2.17878  
-4.85675  -0.79654  -0.693425  2.65329  7.5301  2.14325  
-4.89964  -0.729131  -0.74245  2.62877  7.58526  2.10036  
-4.94254  -0.661721  -0.791475  2.60426  7.64041  2.05746  
-4.98477  -0.595365  -0.839734  2.58013  7.6947  2.01523  
-5.02431  -0.533222  -0.884929  2.55754  7.74555  1.97569  
-5.06721  -0.465812  -0.933955  2.53302  7.8007  1.93279  
-5.10743  -0.402616  -0.979916  2.51004  7.85241  1.89257  
-5.14965  -0.33626  -1.02817  2.48591  7.9067  1.85035  
-5.19054  -0.27201  -1.0749  2.46255  7.95926  1.80946  
-5.23344  -0.2046  -1.12393  2.43804  8.01442  1.76656  
-5.277  -0.136138  -1.17372  2.41314  8.07043  1.723  
-5.31923  -0.0697813  -1.22198  2.38901  8.12472  1.68077  
-5.35945  -0.00658483  -1.26794  2.36603  8.17643  1.64055  
-5.40167  0.0597714  -1.3162  2.3419  8.23072  1.59833  
-5.44524  0.128234  -1.36599  2.31701  8.28674  1.55476  
-5.48948  0.19775  -1.41655  2.29173  8.34361  1.51052  
-5.52567  0.254627  -1.45791  2.27104  8.39015  1.47433  
-5.56924  0.32309  -1.5077  2.24615  8.44616  1.43076  
-5.60946  0.386286  -1.55366  2.22317  8.49787  1.39054  
-5.65235  0.453696  -1.60269  2.19866  8.55302  1.34765  
-5.69659  0.523212  -1.65325  2.17338  8.6099  1.30341  
-5.73748  0.587462  -1.69997  2.15001  8.66247  1.26252  
-5.77769  0.650658  -1.74593  2.12703  8.71417  1.22231  
-5.82461  0.724387  -1.79955  2.10022  8.7745  1.17539  
-5.86147  0.782318  -1.84169  2.07916  8.8219  1.13853  
-5.9037  0.848669  -1.88994  2.05503  8.87618  1.0963  
-5.94394  0.911903  -1.93593  2.03204  8.92792  1.05606  
-5.9743  0.95962  -1.97063  2.01468  8.96696  1.0257  
-5.99297  0.988953  -1.99197  2.00402  8.99096  1.00703  
-5.99951  0.999231  -1.99944  2.00028  8.99937  1.00049  
-5.99999  1  -1.99999  2  8.99999  0.999997  
-5.99697  1.00168  -1.99731  2.00034  8.99562  0.998653  
-5.97995  1.01114  -1.98218  2.00223  8.97104  0.991091  
-5.94547  1.0303  -1.95153  2.00606  8.92123  0.975763  
-5.89544  1.05809  -1.90705  2.01162  8.84896  0.953527  
-5.83691  1.0906  -1.85503  2.01812  8.76443  0.927517  
-5.77395  1.12558  -1.79907  2.02512  8.67348  0.899533  
-5.71575  1.15791  -1.74734  2.03158  8.58942  0.873669  
-5.65851  1.18971  -1.69646  2.03794  8.50674  0.848229  
-5.59841  1.2231  -1.64303  2.04462  8.41993  0.821517  
-5.53736  1.25702  -1.58876  2.0514  8.33174  0.794381  
-5.47821  1.28988  -1.53619  2.05798  8.2463  0.768093  
-5.41715  1.3238  -1.48191  2.06476  8.15811  0.740957  
-5.35896  1.35613  -1.43019  2.07123  8.07405  0.715093  
-5.2979  1.39005  -1.37591  2.07801  7.98586  0.687957  
-5.23876  1.42291  -1.32334  2.08458  7.90042  0.661669  
-5.17484  1.45842  -1.26652  2.09168  7.8081  0.633261  
-5.11187  1.4934  -1.21055  2.09868  7.71715  0.605277  
-5.06036  1.52202  -1.16476  2.1044  7.64274  0.582381  
-5.00121  1.55488  -1.11219  2.11098  7.5573  0.556093  
-4.94206  1.58774  -1.05961  2.11755  7.47187  0.529805  
-4.88387  1.62007  -1.00788  2.12401  7.38781  0.503941  
-4.8209  1.65505  -0.951915  2.13101  7.29686  0.475957  
-4.76176  1.68791  -0.899339  2.13758  7.21143  0.449669  
-4.70356  1.72024  -0.847611  2.14405  7.12737  0.423806  
-4.64441  1.7531  -0.795035  2.15062  7.04193  0.397518  
-4.58527  1.78596  -0.742459  2.15719  6.9565  0.37123  
-4.52421  1.81988  -0.688187  2.16398  6.8683  0.344094  
-4.46602  1.85221  -0.636459  2.17044  6.78425  0.31823  
-4.40401  1.88666  -0.58134  2.17733  6.69468  0.29067  
-4.34486  1.91952  -0.528764  2.1839  6.60924  0.264382  
-4.28571  1.95238  -0.476188  2.19048  6.52381  0.238094  
-4.22656  1.98524  -0.423612  2.19705  6.43837  0.211806  
-4.16551  2.01916  -0.36934  2.20383  6.35018  0.18467  
-4.10827  2.05096  -0.31846  2.21019  6.2675  0.15923  
-4.04626  2.08541  -0.26334  2.21708  6.17793  0.13167  
-3.98616  2.1188  -0.209916  2.22376  6.09111  0.104958  
-3.92605  2.15219  -0.156492  2.23044  6.0043  0.0782462  
-3.86309  2.18717  -0.100525  2.23743  5.91335  0.0502623  
-3.80776  2.21791  -0.0513407  2.24358  5.83343  0.0256703  
-3.74956  2.25024  0.000387234  2.25005  5.74937  -0.000193617  
-3.68946  2.28363  0.0538111  2.25673  5.66256  -0.0269056  
-3.62745  2.31808  0.108931  2.26362  5.57299  -0.0544655  
-3.56926  2.35041  0.160659  2.27008  5.48893  -0.0803295  
-3.51202  2.38221  0.211539  2.27644  5.40625  -0.105769  
-3.45001  2.41666  0.266659  2.28333  5.31668  -0.133329  
-3.38991  2.45005  0.320083  2.29001  5.22987  -0.160041  
-3.33267  2.48185  0.370962  2.29637  5.14719  -0.185481  
-3.27161  2.51577  0.425234  2.30315  5.05899  -0.212617  
-3.21342  2.5481  0.476962  2.30962  4.97494  -0.238481  
-3.15332  2.58149  0.530386  2.3163  4.88812  -0.265193  
-3.09321  2.61488  0.58381  2.32298  4.80131  -0.291905  
-3.03407  2.64774  0.636386  2.32955  4.71587  -0.318193  
-2.97301  2.68166  0.690658  2.33633  4.62768  -0.345329  
-2.91386  2.71452  0.743234  2.3429  4.54225  -0.371617  
-2.85567  2.74685  0.794962  2.34937  4.45819  -0.397481  
-2.79557  2.78024  0.848386  2.35605  4.37137  -0.424193  
-2.73451  2.81416  0.902657  2.36283  4.28318  -0.451329  
-2.67632  2.84649  0.954385  2.3693  4.19912  -0.477193  
-2.61621  2.87988  1.00781  2.37598  4.11231  -0.503905  
-2.55707  2.91274  1.06039  2.38255  4.02687  -0.530193  
-2.49696  2.94613  1.11381  2.38923  3.94006  -0.556905  
-2.43495  2.98058  1.16893  2.39612  3.85049  -0.584464  
-2.37676  3.01291  1.22066  2.40258  3.76643  -0.610328  
-2.3138  3.04789  1.27662  2.40958  3.67548  -0.638312  
-2.25942  3.0781  1.32496  2.41562  3.59694  -0.66248  
-2.19741  3.11255  1.38008  2.42251  3.50737  -0.69004  
-2.14017  3.14435  1.43096  2.42887  3.42469  -0.71548  
-2.07911  3.17827  1.48523  2.43565  3.3365  -0.742616  
-2.02187  3.21007  1.53611  2.44201  3.25382  -0.768056  
-1.95986  3.24452  1.59123  2.4489  3.16425  -0.795616  
-1.89976  3.27791  1.64466  2.45558  3.07743  -0.822328  
-1.83966  3.3113  1.69808  2.46226  2.99062  -0.84904  
-1.78051  3.34416  1.75066  2.46883  2.90518  -0.875328  
-1.71946  3.37808  1.80493  2.47562  2.81699  -0.902464  
-1.66222  3.40988  1.85581  2.48198  2.73431  -0.927904  
-1.60402  3.44221  1.90754  2.48844  2.65025  -0.953768  
-1.54297  3.47613  1.96181  2.49523  2.56206  -0.980904  
-1.48096  3.51058  2.01693  2.50212  2.47249  -1.00846  
-1.42467  3.54185  2.06696  2.50837  2.39119  -1.03348  
-1.36362  3.57577  2.12123  2.51515  2.303  -1.06062  
-1.30542  3.6081  2.17296  2.52162  2.21894  -1.08648  
-1.24532  3.64149  2.22638  2.5283  2.13213  -1.11319  
-1.18331  3.67594  2.2815  2.53519  2.04256  -1.14075  
-1.12798  3.70668  2.33069  2.54134  1.96263  -1.16534  
-1.06597  3.74113  2.38581  2.54823  1.87306  -1.1929  
-1.00491  3.77505  2.44008  2.55501  1.78487  -1.22004  
-0.946718  3.80738  2.49181  2.56148  1.70081  -1.2459  
-0.886616  3.84077  2.54523  2.56815  1.614  -1.27262  
-0.824606  3.87522  2.60035  2.57504  1.52443  -1.30018  
-0.766412  3.90755  2.65208  2.58151  1.44037  -1.32604  
-0.709172  3.93935  2.70296  2.58787  1.35769  -1.35148  
-0.648117  3.97327  2.75723  2.59465  1.2695  -1.37861  
-0.588015  4.00666  2.81065  2.60133  1.18269  -1.40533  
-0.529821  4.03899  2.86238  2.6078  1.09863  -1.43119  
-0.468765  4.07291  2.91665  2.61458  1.01044  -1.45833  
-0.410571  4.10524  2.96838  2.62105  0.92638  -1.48419  
-0.350469  4.13863  3.02181  2.62773  0.839567  -1.5109  
-0.288459  4.17308  3.07693  2.63462  0.749997  -1.53846  
-0.233127  4.20382  3.12611  2.64076  0.670073  -1.56305  
-0.173026  4.23721  3.17953  2.64744  0.583259  -1.58977  
-0.11197  4.27113  3.2338  2.65423  0.495067  -1.6169  
-0.0528218  4.30399  3.28638  2.6608  0.409631  -1.64319  
0.00632613  4.33685  3.33896  2.66737  0.324196  -1.66948  
0.067382  4.37077  3.39323  2.67415  0.236004  -1.69661  
0.125576  4.4031  3.44496  2.68062  0.151946  -1.72248  
0.185678  4.43649  3.49838  2.6873  0.0651321  -1.74919  
0.244826  4.46935  3.55096  2.69387  -0.0203037  -1.77548  
0.304928  4.50274  3.60438  2.70055  -0.107118  -1.80219  
0.364075  4.5356  3.65696  2.70712  -0.192553  -1.82848  
0.423223  4.56846  3.70953  2.71369  -0.277989  -1.85477  
0.484279  4.60238  3.7638  2.72048  -0.366181  -1.8819  
0.542473  4.63471  3.81553  2.72694  -0.450239  -1.90777  
0.603529  4.66863  3.8698  2.73373  -0.538431  -1.9349  
0.662677  4.70149  3.92238  2.7403  -0.623867  -1.96119  
0.723733  4.73541  3.97665  2.74708  -0.712058  -1.98833  
0.787651  4.77092  4.03347  2.75418  -0.804384  -2.01673  
0.841074  4.8006  4.08096  2.76012  -0.881552  -2.04048  
0.90213  4.83452  4.13523  2.7669  -0.969744  -2.06761  
0.962232  4.86791  4.18865  2.77358  -1.05656  -2.09433  
1.02233  4.9013  4.24207  2.78026  -1.14337  -2.12104  
1.07957  4.9331  4.29295  2.78662  -1.22605  -2.14648  
1.13872  4.96596  4.34553  2.79319  -1.31149  -2.17277  
1.19978  4.99988  4.3998  2.79998  -1.39968  -2.1999  
1.25893  5.03274  4.45238  2.80655  -1.48511  -2.22619  
1.32666  5.07037  4.51259  2.81407  -1.58295  -2.25629  
1.37818  5.09899  4.55838  2.8198  -1.65736  -2.27919  
1.44019  5.13344  4.6135  2.82669  -1.74693  -2.30675  
1.5022  5.16789  4.66862  2.83358  -1.8365  -2.33431  
1.55657  5.1981  4.71695  2.83962  -1.91505  -2.35848  
1.61667  5.23149  4.77038  2.8463  -2.00186  -2.38519  
1.67964  5.26647  4.82635  2.85329  -2.09281  -2.41317  
1.73688  5.29827  4.87723  2.85965  -2.17549  -2.43861  
1.80366  5.33537  4.93659  2.86707  -2.27195  -2.46829  
1.85517  5.36399  4.98238  2.8728  -2.34636  -2.49119  
1.91623  5.39791  5.03665  2.87958  -2.43455  -2.51832  
1.97442  5.43024  5.08838  2.88605  -2.51861  -2.54419  
2.03357  5.4631  5.14095  2.89262  -2.60405  -2.57048  
2.09654  5.49808  5.19692  2.89962  -2.695  -2.59846  
2.15378  5.52988  5.2478  2.90598  -2.77768  -2.6239  
2.21388  5.56327  5.30122  2.91265  -2.86449  -2.65061  
2.27207  5.5956  5.35295  2.91912  -2.94855  -2.67648  
2.33122  5.62846  5.40553  2.92569  -3.03398  -2.70276  
2.39514  5.66397  5.46234  2.93279  -3.12631  -2.73117  
2.45142  5.69524  5.51238  2.93905  -3.20761  -2.75619  
2.51248  5.72916  5.56665  2.94583  -3.2958  -2.78332  
2.57067  5.76148  5.61838  2.9523  -3.37986  -2.80919  
2.63173  5.7954  5.67265  2.95908  -3.46805  -2.83632  
2.68992  5.82773  5.72438  2.96555  -3.55211  -2.86219  
2.75002  5.86112  5.7778  2.97222  -3.63892  -2.8889  
2.81299  5.8961  5.83377  2.97922  -3.72987  -2.91688  
2.86925  5.92736  5.88378  2.98547  -3.81114  -2.94189  
2.92729  5.95961  5.93537  2.99192  -3.89498  -2.96769  
2.9671  5.98172  5.97076  2.99634  -3.95248  -2.98538  
2.99171  5.9954  5.99263  2.99908  -3.98803  -2.99632  
2.99957  5.99976  5.99962  2.99995  -3.99938  -2.99981  
2.99998  5.99996  5.99996  2.99998  -3.99997  -2.99998  
2.99846  5.99692  5.99692  2.99846  -3.99795  -2.99846  
2.9929  5.9858  5.9858  2.9929  -3.99054  -2.9929  
2.98456  5.96912  5.96912  2.98456  -3.97941  -2.98456  
2.97364  5.94728  5.94728  2.97364  -3.96486  -2.97364  
2.96158  5.92316  5.92316  2.96158  -3.94877  -2.96158  
2.95062  5.90123  5.90123  2.95062  -3.93416  -2.95062  
2.93929  5.87857  5.87857  2.93929  -3.91905  -2.93929  
2.92777  5.85555  5.85555  2.92777  -3.9037  -2.92777  
2.91517  5.83033  5.83033  2.91517  -3.88689  -2.91517  
2.90511  5.81023  5.81023  2.90511  -3.87349  -2.90511  
2.89342  5.78684  5.78684  2.89342  -3.85789  -2.89342  
2.88099  5.76199  5.76199  2.88099  -3.84132  -2.88099  
2.87076  5.74152  5.74152  2.87076  -3.82768  -2.87076  
2.85906  5.71813  5.71813  2.85906  -3.81209  -2.85906  
2.84774  5.69547  5.69547  2.84774  -3.79698  -2.84774  
2.83659  5.67318  5.67318  2.83659  -3.78212  -2.83659  
2.82526  5.65052  5.65052  2.82526  -3.76701  -2.82526  
2.81301  5.62603  5.62603  2.81301  -3.75069  -2.81301  
2.80205  5.6041  5.6041  2.80205  -3.73607  -2.80205  
2.79054  5.58108  5.58108  2.79054  -3.72072  -2.79054  
2.77957  5.55915  5.55915  2.77957  -3.7061  -2.77957  
2.76788  5.53576  5.53576  2.76788  -3.6905  -2.76788  
2.75673  5.51346  5.51346  2.75673  -3.67564  -2.75673  
2.74504  5.49007  5.49007  2.74504  -3.66005  -2.74504  
2.73371  5.46741  5.46741  2.73371  -3.64494  -2.73371  
2.72219  5.44439  5.44439  2.72219  -3.62959  -2.72219  
2.71068  5.42136  5.42136  2.71068  -3.61424  -2.71068  
2.69972  5.39943  5.39943  2.69972  -3.59962  -2.69972  
2.68802  5.37604  5.37604  2.68802  -3.58403  -2.68802  
2.67669  5.35338  5.35338  2.67669  -3.56892  -2.67669  
2.66536  5.33072  5.33072  2.66536  -3.55382  -2.66536  
2.65367  5.30733  5.30733  2.65367  -3.53822  -2.65367  
2.64215  5.28431  5.28431  2.64215  -3.52287  -2.64215  
2.63101  5.26202  5.26202  2.63101  -3.50801  -2.63101  
2.61968  5.23936  5.23936  2.61968  -3.4929  -2.61968  
2.60817  5.21633  5.21633  2.60817  -3.47755  -2.60817  
2.59684  5.19367  5.19367  2.59684  -3.46245  -2.59684  
2.58496  5.16991  5.16991  2.58496  -3.44661  -2.58496  
2.5729  5.14579  5.14579  2.5729  -3.43053  -2.5729  
2.56248  5.12496  5.12496  2.56248  -3.41664  -2.56248  
2.55079  5.10157  5.10157  2.55079  -3.40105  -2.55079  
2.53927  5.07855  5.07855  2.53927  -3.3857  -2.53927  
2.52813  5.05625  5.05625  2.52813  -3.37083  -2.52813  
2.51661  5.03323  5.03323  2.51661  -3.35548  -2.51661  
2.50528  5.01057  5.01057  2.50528  -3.34038  -2.50528  
2.49359  4.98718  4.98718  2.49359  -3.32478  -2.49359  
2.48244  4.96488  4.96488  2.48244  -3.30992  -2.48244  
2.47093  4.94186  4.94186  2.47093  -3.29457  -2.47093  
2.4596  4.9192  4.9192  2.4596  -3.27947  -2.4596  
2.44754  4.89508  4.89508  2.44754  -3.26338  -2.44754  
2.43694  4.87388  4.87388  2.43694  -3.24925  -2.43694  
2.42543  4.85085  4.85085  2.42543  -3.2339  -2.42543  
2.41391  4.82783  4.82783  2.41391  -3.21855  -2.41391  
2.40277  4.80553  4.80553  2.40277  -3.20369  -2.40277  
2.39125  4.78251  4.78251  2.39125  -3.18834  -2.39125  
2.37901  4.75802  4.75802  2.37901  -3.17202  -2.37901  
2.36823  4.73646  4.73646  2.36823  -3.15764  -2.36823  
2.35653  4.71307  4.71307  2.35653  -3.14205  -2.35653  
2.34539  4.69078  4.69078  2.34539  -3.12718  -2.34539  
2.33369  4.66738  4.66738  2.33369  -3.11159  -2.33369  
2.32273  4.64546  4.64546  2.32273  -3.09697  -2.32273  
2.31122  4.62243  4.62243  2.31122  -3.08162  -2.31122  
2.29934  4.59867  4.59867  2.29934  -3.06578  -2.29934  
2.28856  4.57711  4.57711  2.28856  -3.05141  -2.28856  
2.27668  4.55336  4.55336  2.27668  -3.03557  -2.27668  
2.26535  4.5307  4.5307  2.26535  -3.02046  -2.26535  
2.25365  4.50731  4.50731  2.25365  -3.00487  -2.25365  
2.24269  4.48538  4.48538  2.24269  -2.99025  -2.24269  
2.23026  4.46052  4.46052  2.23026  -2.97368  -2.23026  
2.21966  4.43933  4.43933  2.21966  -2.95955  -2.21966  
2.20852  4.41703  4.41703  2.20852  -2.94469  -2.20852  
2.19682  4.39364  4.39364  2.19682  -2.9291  -2.19682  
2.18458  4.36916  4.36916  2.18458  -2.91277  -2.18458  
2.17398  4.34796  4.34796  2.17398  -2.89864  -2.17398  
2.16247  4.32493  4.32493  2.16247  -2.88329  -2.16247  
2.15132  4.30264  4.30264  2.15132  -2.86843  -2.15132  
2.13944  4.27888  4.27888  2.13944  -2.85259  -2.13944  
2.12811  4.25622  4.25622  2.12811  -2.83748  -2.12811  
2.11696  4.23393  4.23393  2.11696  -2.82262  -2.11696  
2.10563  4.21127  4.21127  2.10563  -2.80751  -2.10563  
2.09449  4.18898  4.18898  2.09449  -2.79265  -2.09449  
2.08279  4.16559  4.16559  2.08279  -2.77706  -2.08279  
2.07146  4.14293  4.14293  2.07146  -2.76195  -2.07146  
2.0594  4.1188  4.1188  2.0594  -2.74587  -2.0594  
2.04844  4.09688  4.09688  2.04844  -2.73125  -2.04844  
2.03693  4.07385  4.07385  2.03693  -2.7159  -2.03693  
2.02541  4.05083  4.05083  2.02541  -2.70055  -2.02541  
2.01445  4.0289  4.0289  2.01445  -2.68593  -2.01445  
2.00312  4.00624  4.00624  2.00312  -2.67082  -2.00312  
1.99106  3.98212  3.98212  1.99106  -2.65474  -1.99106  
1.97973  3.95946  3.95946  1.97973  -2.63964  -1.97973  
1.96876  3.93753  3.93753  1.96876  -2.62502  -1.96876  
1.9567  3.91341  3.91341  1.9567  -2.60894  -1.9567  
1.94592  3.89184  3.89184  1.94592  -2.59456  -1.94592  
1.93368  3.86736  3.86736  1.93368  -2.57824  -1.93368  
1.92271  3.84543  3.84543  1.92271  -2.56362  -1.92271  
1.91157  3.82313  3.82313  1.91157  -2.54876  -1.91157  
1.89951  3.79901  3.79901  1.89951  -2.53267  -1.89951  
1.88854  3.77708  3.77708  1.88854  -2.51806  -1.88854  
1.8763  3.7526  3.7526  1.8763  -2.50173  -1.8763  
1.86588  3.73176  3.73176  1.86588  -2.48784  -1.86588  
1.85382  3.70764  3.70764  1.85382  -2.47176  -1.85382  
1.84304  3.68608  3.68608  1.84304  -2.45739  -1.84304  
1.83171  3.66342  3.66342  1.83171  -2.44228  -1.83171  
1.82001  3.64003  3.64003  1.82001  -2.42669  -1.82001  
1.8085  3.617  3.617  1.8085  -2.41134  -1.8085  
1.79736  3.59471  3.59471  1.79736  -2.39647  -1.79736  
1.78566  3.57132  3.57132  1.78566  -2.38088  -1.78566  
1.77433  3.54866  3.54866  1.77433  -2.36577  -1.77433  
1.76282  3.52564  3.52564  1.76282  -2.35042  -1.76282  
1.75094  3.50188  3.50188  1.75094  -2.33459  -1.75094  
1.73961  3.47922  3.47922  1.73961  -2.31948  -1.73961  
1.72865  3.45729  3.45729  1.72865  -2.30486  -1.72865  
1.71677  3.43354  3.43354  1.71677  -2.28902  -1.71677  
1.70599  3.41197  3.41197  1.70599  -2.27465  -1.70599  
1.69338  3.38675  3.38675  1.69338  -2.25784  -1.69338  
1.68314  3.36629  3.36629  1.68314  -2.24419  -1.68314  
1.67163  3.34326  3.34326  1.67163  -2.22884  -1.67163  
1.65994  3.31987  3.31987  1.65994  -2.21325  -1.65994  
1.64897  3.29794  3.29794  1.64897  -2.19863  -1.64897  
1.63746  3.27492  3.27492  1.63746  -2.18328  -1.63746  
1.62503  3.25007  3.25007  1.62503  -2.16671  -1.62503  
1.61425  3.2285  3.2285  1.61425  -2.15234  -1.61425  
1.60292  3.20584  3.20584  1.60292  -2.13723  -1.60292  
1.59196  3.18391  3.18391  1.59196  -2.12261  -1.59196  
1.58008  3.16016  3.16016  1.58008  -2.10677  -1.58008  
1.56893  3.13786  3.13786  1.56893  -2.09191  -1.56893  
1.55742  3.11484  3.11484  1.55742  -2.07656  -1.55742  
1.54591  3.09181  3.09181  1.54591  -2.06121  -1.54591  
1.53458  3.06916  3.06916  1.53458  -2.0461  -1.53458  
1.52325  3.0465  3.0465  1.52325  -2.031  -1.52325  
1.51155  3.02311  3.02311  1.51155  -2.0154  -1.51155  
1.49967  2.99935  2.99935  1.49967  -1.99957  -1.49967  
1.48871  2.97742  2.97742  1.48871  -1.98495  -1.48871  
1.47738  2.95476  2.95476  1.47738  -1.96984  -1.47738  
1.46605  2.9321  2.9321  1.46605  -1.95473  -1.46605  
1.45417  2.90835  2.90835  1.45417  -1.9389  -1.45417  
1.44266  2.88532  2.88532  1.44266  -1.92355  -1.44266  
1.4317  2.86339  2.86339  1.4317  -1.90893  -1.4317  
1.42037  2.84073  2.84073  1.42037  -1.89382  -1.42037  
1.40922  2.81844  2.81844  1.40922  -1.87896  -1.40922  
1.39752  2.79505  2.79505  1.39752  -1.86337  -1.39752  
1.38601  2.77202  2.77202  1.38601  -1.84802  -1.38601  
1.37468  2.74936  2.74936  1.37468  -1.83291  -1.37468  
1.36317  2.72634  2.72634  1.36317  -1.81756  -1.36317  
1.35147  2.70295  2.70295  1.35147  -1.80197  -1.35147  
1.34014  2.68029  2.68029  1.34014  -1.78686  -1.34014  
1.32918  2.65836  2.65836  1.32918  -1.77224  -1.32918  
1.31547  2.63095  2.63095  1.31547  -1.75397  -1.31547  
1.30542  2.61085  2.61085  1.30542  -1.74057  -1.30542  
1.29446  2.58892  2.58892  1.29446  -1.72595  -1.29446  
1.28313  2.56626  2.56626  1.28313  -1.71084  -1.28313  
1.27162  2.54323  2.54323  1.27162  -1.69549  -1.27162  
1.26047  2.52094  2.52094  1.26047  -1.68063  -1.26047  
1.24896  2.49792  2.49792  1.24896  -1.66528  -1.24896  
1.23653  2.47306  2.47306  1.23653  -1.64871  -1.23653  
1.22612  2.45223  2.45223  1.22612  -1.63482  -1.22612  
1.21424  2.42847  2.42847  1.21424  -1.61898  -1.21424  
1.20346  2.40691  2.40691  1.20346  -1.60461  -1.20346  
1.19194  2.38389  2.38389  1.19194  -1.58926  -1.19194  
1.18043  2.36086  2.36086  1.18043  -1.57391  -1.18043  
1.16928  2.33857  2.33857  1.16928  -1.55904  -1.16928  
1.15741  2.31481  2.31481  1.15741  -1.54321  -1.15741  
1.14626  2.29252  2.29252  1.14626  -1.52834  -1.14626  
1.13493  2.26986  2.26986  1.13493  -1.51324  -1.13493  
1.12323  2.24647  2.24647  1.12323  -1.49764  -1.12323  
1.11136  2.22271  2.22271  1.11136  -1.48181  -1.11136  
1.09929  2.19859  2.19859  1.09929  -1.46573  -1.09929  
1.08906  2.17812  2.17812  1.08906  -1.45208  -1.08906  
1.07755  2.1551  2.1551  1.07755  -1.43673  -1.07755  
1.06567  2.13134  2.13134  1.06567  -1.42089  -1.06567  
1.05489  2.10978  2.10978  1.05489  -1.40652  -1.05489  
1.04338  2.08675  2.08675  1.04338  -1.39117  -1.04338  
1.03168  2.06336  2.06336  1.03168  -1.37558  -1.03168  
1.0209  2.0418  2.0418  1.0209  -1.3612  -1.0209  
1.0092  2.01841  2.01841  1.0092  -1.34561  -1.0092  
0.997692  1.99538  1.99538  0.997692  -1.33026  -0.997692  
0.986545  1.97309  1.97309  0.986545  -1.31539  -0.986545  
0.975033  1.95007  1.95007  0.975033  -1.30004  -0.975033  
0.96352  1.92704  1.92704  0.96352  -1.28469  -0.96352  
0.952373  1.90475  1.90475  0.952373  -1.26983  -0.952373  
0.94013  1.88026  1.88026  0.94013  -1.25351  -0.94013  
0.928983  1.85797  1.85797  0.928983  -1.23864  -0.928983  
0.917836  1.83567  1.83567  0.917836  -1.22378  -0.917836  
0.904861  1.80972  1.80972  0.904861  -1.20648  -0.904861  
0.894445  1.78889  1.78889  0.894445  -1.19259  -0.894445  
0.883298  1.7666  1.7666  0.883298  -1.17773  -0.883298  
0.872334  1.74467  1.74467  0.872334  -1.16311  -0.872334  
0.860456  1.72091  1.72091  0.860456  -1.14727  -0.860456  
0.849309  1.69862  1.69862  0.849309  -1.13241  -0.849309  
0.837796  1.67559  1.67559  0.837796  -1.11706  -0.837796  
0.826101  1.6522  1.6522  0.826101  -1.10147  -0.826101  
0.814954  1.62991  1.62991  0.814954  -1.08661  -0.814954  
0.803442  1.60688  1.60688  0.803442  -1.07126  -0.803442  
0.792295  1.58459  1.58459  0.792295  -1.05639  -0.792295  
0.780599  1.5612  1.5612  0.780599  -1.0408  -0.780599  
0.769452  1.5389  1.5389  0.769452  -1.02594  -0.769452  
0.75794  1.51588  1.51588  0.75794  -1.01059  -0.75794  
0.746245  1.49249  1.49249  0.746245  -0.994993  -0.746245  
0.734367  1.46873  1.46873  0.734367  -0.979155  -0.734367  
0.723585  1.44717  1.44717  0.723585  -0.96478  -0.723585  
0.712438  1.42488  1.42488  0.712438  -0.949917  -0.712438  
0.700743  1.40149  1.40149  0.700743  -0.934324  -0.700743  
0.68923  1.37846  1.37846  0.68923  -0.918974  -0.68923  
0.678083  1.35617  1.35617  0.678083  -0.904111  -0.678083  
0.666571  1.33314  1.33314  0.666571  -0.888761  -0.666571  
0.654875  1.30975  1.30975  0.654875  -0.873167  -0.654875  
0.643728  1.28746  1.28746  0.643728  -0.858304  -0.643728  
0.632033  1.26407  1.26407  0.632033  -0.842711  -0.632033  
0.620703  1.24141  1.24141  0.620703  -0.827604  -0.620703  
0.609191  1.21838  1.21838  0.609191  -0.812254  -0.609191  
0.597861  1.19572  1.19572  0.597861  -0.797148  -0.597861  
0.586714  1.17343  1.17343  0.586714  -0.782285  -0.586714  
0.575019  1.15004  1.15004  0.575019  -0.766692  -0.575019  
0.563506  1.12701  1.12701  0.563506  -0.751342  -0.563506  
0.552359  1.10472  1.10472  0.552359  -0.736479  -0.552359  
0.540847  1.08169  1.08169  0.540847  -0.721129  -0.540847  
0.529151  1.0583  1.0583  0.529151  -0.705535  -0.529151  
0.518004  1.03601  1.03601  0.518004  -0.690672  -0.518004  
0.506857  1.01371  1.01371  0.506857  -0.67581  -0.506857  
0.495345  0.99069  0.99069  0.495345  -0.66046  -0.495345  
0.483832  0.967665  0.967665  0.483832  -0.64511  -0.483832  
0.472137  0.944274  0.944274  0.472137  -0.629516  -0.472137  
0.460807  0.921615  0.921615  0.460807  -0.61441  -0.460807  
0.44966  0.89932  0.89932  0.44966  -0.599547  -0.44966  
0.438148  0.876295  0.876295  0.438148  -0.584197  -0.438148  
0.426452  0.852905  0.852905  0.426452  -0.568603  -0.426452  
0.415305  0.830611  0.830611  0.415305  -0.553741  -0.415305  
0.40361  0.80722  0.80722  0.40361  -0.538147  -0.40361  
0.392463  0.784926  0.784926  0.392463  -0.523284  -0.392463  
0.380768  0.761536  0.761536  0.380768  -0.507691  -0.380768  
0.369804  0.739607  0.739607  0.369804  -0.493071  -0.369804  
0.357195  0.714389  0.714389  0.357195  -0.47626  -0.357195  
0.346048  0.692095  0.692095  0.346048  -0.461397  -0.346048  
0.335449  0.670898  0.670898  0.335449  -0.447265  -0.335449  
0.324119  0.648238  0.648238  0.324119  -0.432159  -0.324119  
0.312424  0.624847  0.624847  0.312424  -0.416565  -0.312424  
0.301277  0.602553  0.602553  0.301277  -0.401702  -0.301277  
0.289399  0.578797  0.578797  0.289399  -0.385865  -0.289399  
0.277703  0.555407  0.555407  0.277703  -0.370271  -0.277703  
0.266739  0.533478  0.533478  0.266739  -0.355652  -0.266739  
0.255044  0.510088  0.510088  0.255044  -0.340059  -0.255044  
0.244262  0.488525  0.488525  0.244262  -0.325683  -0.244262  
0.23275  0.4655  0.4655  0.23275  -0.310333  -0.23275  
0.221237  0.442475  0.442475  0.221237  -0.294983  -0.221237  
0.209542  0.419084  0.419084  0.209542  -0.279389  -0.209542  
0.198212  0.396425  0.396425  0.198212  -0.264283  -0.198212  
0.1867  0.3734  0.3734  0.1867  -0.248933  -0.1867  
0.175005  0.350009  0.350009  0.175005  -0.233339  -0.175005  
0.164223  0.328446  0.328446  0.164223  -0.218964  -0.164223  
0.152162  0.304324  0.304324  0.152162  -0.202883  -0.152162  
0.141381  0.282761  0.282761  0.141381  -0.188508  -0.141381  
0.129503  0.259005  0.259005  0.129503  -0.17267  -0.129503  
0.118173  0.236346  0.236346  0.118173  -0.157564  -0.118173  
0.107026  0.214052  0.214052  0.107026  -0.142701  -0.107026  
0.0955134  0.191027  0.191027  0.0955134  -0.127351  -0.0955134  
0.0838181  0.167636  0.167636  0.0838181  -0.111757  -0.0838181  
0.0724883  0.144977  0.144977  0.0724883  -0.0966511  -0.0724883  
0.061524  0.123048  0.123048  0.061524  -0.082032  -0.061524  
0.0498288  0.0996576  0.0996576  0.0498288  -0.0664384  -0.0498288  
0.0381335  0.0762671  0.0762671  0.0381335  -0.0508447  -0.0381335  
0.0262555  0.0525111  0.0525111  0.0262555  -0.0350074  -0.0262555  
0.0153468  0.0306935  0.0306935  0.0153468  -0.0204624  -0.0153468  
0.00714684  0.0142937  0.0142937  0.00714684  -0.00952912  -0.00714684  
0.00183178  0.00366356  0.00366356  0.00183178  -0.00244237  -0.00183178  
3.38606e-05  6.77213e-05  6.77213e-05  3.38606e-05  -4.51475e-05  -3.38606e-05  
-0.000117263  3.11268e-05  -5.85935e-05  -4.09735e-05  5.20619e-05  2.8774e-05  
-0.000117263  3.11268e-05  -5.85935e-05  -4.09735e-05  5.20619e-05  2.8774e-05  
-8.69172e-05  2.15709e-05  -5.27523e-05  -3.46501e-05  4.85666e-05  1.91818e-05  
-7.17443e-05  1.67929e-05  -4.98317e-05  -3.14884e-05  4.68189e-05  1.43856e-05  
-3.79499e-05  -8.29219e-06  -4.69111e-05  -2.50977e-05  3.97117e-05  9.58947e-06  
-2.2777e-05  -1.30702e-05  -4.39905e-05  -2.1936e-05  3.7964e-05  4.79333e-06  
-7.60406e-06  -1.78481e-05  -4.10699e-05  -1.87743e-05  3.62164e-05  -2.8171e-09  
7.56885e-06  -2.26261e-05  -3.81493e-05  -1.56126e-05  3.44687e-05  -4.79896e-06  
2.27418e-05  -2.74041e-05  -3.52287e-05  -1.24509e-05  3.2721e-05  -9.5951e-06  
2.27418e-05  -2.74041e-05  -3.52287e-05  -1.24509e-05  3.2721e-05  -9.5951e-06  
3.79147e-05  -3.21821e-05  -3.23081e-05  -9.28919e-06  3.09734e-05  -1.43912e-05  
3.79147e-05  -3.21821e-05  -3.23081e-05  -9.28919e-06  3.09734e-05  -1.43912e-05  
5.65362e-05  -5.24892e-05  -3.23081e-05  -6.06015e-06  2.56138e-05  -1.43912e-05  
5.65362e-05  -5.24892e-05  -3.23081e-05  -6.06015e-06  2.56138e-05  -1.43912e-05  
5.65362e-05  -5.24892e-05  -3.23081e-05  -6.06015e-06  2.56138e-05  -1.43912e-05  
4.48191e-05  -4.17476e-05  -2.93615e-05  -2.96626e-06  2.37529e-05  -9.5947e-06  
4.48191e-05  -4.17476e-05  -2.93615e-05  -2.96626e-06  2.37529e-05  -9.5947e-06  
3.30948e-05  -5.24987e-05  -2.64409e-05  -6.06063e-06  2.18886e-05  -1.43908e-05  
2.13778e-05  -4.17571e-05  -2.34944e-05  -2.96674e-06  2.00276e-05  -9.5943e-06  
3.65507e-05  -4.65351e-05  -2.05738e-05  1.94958e-07  1.828e-05  -1.43904e-05  
3.65507e-05  -4.65351e-05  -2.05738e-05  1.94958e-07  1.828e-05  -1.43904e-05  
3.99947e-05  -3.1017e-05  -1.46808e-05  1.3029e-07  1.46701e-05  -4.79735e-06  
3.99947e-05  -3.1017e-05  -1.46808e-05  1.3029e-07  1.46701e-05  -4.79735e-06  
2.82704e-05  -4.17682e-05  -1.17602e-05  -2.96408e-06  1.28058e-05  -9.59349e-06  
2.82704e-05  -4.17682e-05  -1.17602e-05  -2.96408e-06  1.28058e-05  -9.59349e-06  
1.65534e-05  -3.10266e-05  -8.81365e-06  1.29813e-07  1.09449e-05  -4.79695e-06  
1.65534e-05  -3.10266e-05  -8.81365e-06  1.29813e-07  1.09449e-05  -4.79695e-06  
1.65534e-05  -3.10266e-05  -8.81365e-06  1.29813e-07  1.09449e-05  -4.79695e-06  
1.65534e-05  -3.10266e-05  -8.81365e-06  1.29813e-07  1.09449e-05  -4.79695e-06  
4.83633e-06  -2.0285e-05  -5.86713e-06  3.2237e-06  9.08399e-06  -4.0215e-10  
4.83633e-06  -2.0285e-05  -5.86713e-06  3.2237e-06  9.08399e-06  -4.0215e-10  
