0  0  0  0  0  0  
0  0  0  0  0  0  
0  0  0  0  0  0  
0  0  0  0  0  0  
0  0  0  0  0  0  
0  0  0  0  0  0  
0  0  0  0  0  0  
0  0  0  0  0  0  
0  0  0  0  0  0  
0  0  0  0  0  0  
0  0  0  0  0  0  
0  0  0  0  0  0  
0  0  0  0  0  0  
0  0  0  0  0  0  
0  0  0  0  0  0  
0  0  0  0  0  0  
0  0  0  0  0  0  
0  0  0  0  0  0  
0  0  0  0  0  0  
0  0  0  0  0  0  
0  0  0  0  0  0  
0  0  0  0  0  0  
0  0  0  0  0  0  
0  0  0  0  0  0  
0  0  0  0  0  0  
0  0  0  0  0  0  
0  0  0  0  0  0  
0  0  0  0  0  0  
0  0  0  0  0  0  
0  0  0  0  0  0  
0  0  0  0  0  0  
0  0  0  0  0  0  
0  0  0  0  0  0  
0  0  0  0  0  0  
0  0  0  0  0  0  
0  0  0  0  0  0  
0  0  0  0  0  0  
0  0  0  0  0  0  
0  0  0  0  0  0  
0  0  0  0  0  0  
0  0  0  0  0  0  
0  0  0  0  0  0  
0  0  0  0  0  0  
0  0  0  0  0  0  
0  0  0  0  0  0  
0  0  0  0  0  0  
0  0  0  0  0  0  
0  0  0  0  0  0  
0.000442675  -0.00038734  0.000553343  -0.000442675  0.000332006  -0.000166003  
0.00901265  -0.00788607  0.0112658  -0.00901265  0.00675949  -0.00337975  
0.0331757  -0.0290287  0.0414696  -0.0331757  0.0248818  -0.0124409  
0.0625692  -0.0547481  0.0782115  -0.0625692  0.0469269  -0.0234635  
0.108522  -0.094957  0.135653  -0.108522  0.0813917  -0.0406959  
0.158056  -0.138299  0.19757  -0.158056  0.118542  -0.059271  
0.206821  -0.180969  0.258527  -0.206821  0.155116  -0.077558  
0.257946  -0.225703  0.322433  -0.257946  0.19346  -0.0967299  
0.309858  -0.271126  0.387322  -0.309858  0.232393  -0.116197  
0.353904  -0.309666  0.44238  -0.353904  0.265428  -0.132714  
0.413681  -0.361971  0.517101  -0.413681  0.31026  -0.15513  
0.453794  -0.39707  0.567243  -0.453794  0.340346  -0.170173  
0.504132  -0.441116  0.630166  -0.504132  0.378099  -0.18905  
0.557617  -0.487915  0.697021  -0.557617  0.418213  -0.209106  
0.606382  -0.530584  0.757978  -0.606382  0.454787  -0.227393  
0.649642  -0.568437  0.812052  -0.649642  0.487231  -0.243616  
0.714924  -0.625559  0.893655  -0.714924  0.536193  -0.268097  
0.749532  -0.65584  0.936915  -0.749532  0.562149  -0.281074  
0.798297  -0.69851  0.997872  -0.798297  0.598723  -0.299361  
0.845489  -0.739803  1.05686  -0.845489  0.634117  -0.317059  
0.894255  -0.782473  1.11782  -0.894255  0.670691  -0.335346  
0.948526  -0.82996  1.18566  -0.948526  0.711394  -0.355697  
1.0028  -0.877447  1.2535  -1.0028  0.752098  -0.376049  
1.0437  -0.913235  1.30462  -1.0437  0.782773  -0.391386  
1.09561  -0.958657  1.36951  -1.09561  0.821706  -0.410853  
1.14201  -0.999262  1.42752  -1.14201  0.85651  -0.428255  
1.19157  -1.04262  1.48946  -1.19157  0.893674  -0.446837  
1.24112  -1.08598  1.5514  -1.24112  0.930838  -0.465419  
1.29303  -1.1314  1.61629  -1.29303  0.969772  -0.484886  
1.33943  -1.17201  1.67429  -1.33943  1.00458  -0.502288  
1.38977  -1.21605  1.73722  -1.38977  1.04233  -0.521165  
1.43697  -1.25734  1.79621  -1.43697  1.07772  -0.538862  
1.48809  -1.30208  1.86011  -1.48809  1.11607  -0.558034  
1.53843  -1.34613  1.92304  -1.53843  1.15382  -0.576911  
1.60057  -1.40049  2.00071  -1.60057  1.20042  -0.600212  
1.6336  -1.4294  2.042  -1.6336  1.2252  -0.6126  
1.68158  -1.47138  2.10197  -1.68158  1.26118  -0.630592  
1.73113  -1.51474  2.16391  -1.73113  1.29835  -0.649174  
1.79012  -1.56636  2.23765  -1.79012  1.34259  -0.671295  
1.83495  -1.60558  2.29369  -1.83495  1.37621  -0.688107  
1.87821  -1.64344  2.34777  -1.87821  1.40866  -0.70433  
1.92934  -1.68817  2.41167  -1.92934  1.447  -0.723502  
1.98204  -1.73428  2.47754  -1.98204  1.48653  -0.743263  
2.02608  -1.77282  2.5326  -2.02608  1.51956  -0.759781  
2.08035  -1.82031  2.60044  -2.08035  1.56026  -0.780132  
2.12597  -1.86023  2.65746  -2.12597  1.59448  -0.797239  
2.18339  -1.91047  2.72924  -2.18339  1.63754  -0.818771  
2.23609  -1.95658  2.79511  -2.23609  1.67707  -0.838533  
2.27463  -1.9903  2.84328  -2.27463  1.70597  -0.852985  
2.32575  -2.03503  2.90719  -2.32575  1.74431  -0.872157  
2.37688  -2.07977  2.9711  -2.37688  1.78266  -0.891329  
2.41856  -2.11624  3.0232  -2.41856  1.81392  -0.906961  
2.47283  -2.16373  3.09104  -2.47283  1.85463  -0.927313  
2.52239  -2.20709  3.15298  -2.52239  1.89179  -0.945895  
2.57587  -2.25389  3.21984  -2.57587  1.9319  -0.965952  
2.61677  -2.28967  3.27096  -2.61677  1.96258  -0.981289  
2.66554  -2.33234  3.33192  -2.66554  1.99915  -0.999576  
2.71587  -2.37639  3.39484  -2.71587  2.03691  -1.01845  
2.76385  -2.41837  3.45482  -2.76385  2.07289  -1.03644  
2.81341  -2.46173  3.51676  -2.81341  2.11005  -1.05503  
2.86374  -2.50578  3.57968  -2.86374  2.14781  -1.0739  
2.91172  -2.54776  3.63965  -2.91172  2.18379  -1.0919  
2.96206  -2.5918  3.70258  -2.96206  2.22155  -1.11077  
3.01004  -2.63378  3.76255  -3.01004  2.25753  -1.12876  
3.05802  -2.67577  3.82252  -3.05802  2.29351  -1.14676  
3.11465  -2.72532  3.89331  -3.11465  2.33599  -1.16799  
3.16105  -2.76592  3.95132  -3.16105  2.37079  -1.1854  
3.2051  -2.80446  4.00638  -3.2051  2.40383  -1.20191  
3.2578  -2.85057  4.07225  -3.2578  2.44335  -1.22167  
3.30578  -2.89256  4.13222  -3.30578  2.47933  -1.23967  
3.36791  -2.94692  4.20989  -3.36791  2.52594  -1.26297  
3.41589  -2.98891  4.26987  -3.41589  2.56192  -1.28096  
3.45443  -3.02263  4.31804  -3.45443  2.59082  -1.29541  
3.50162  -3.06392  4.37703  -3.50162  2.62622  -1.31311  
3.55668  -3.1121  4.44585  -3.55668  2.66751  -1.33376  
3.59916  -3.14926  4.49894  -3.59916  2.69937  -1.34968  
3.65264  -3.19606  4.5658  -3.65264  2.73948  -1.36974  
3.70376  -3.24079  4.62971  -3.70376  2.77782  -1.38891  
3.74781  -3.27933  4.68476  -3.74781  2.81086  -1.40543  
3.80837  -3.33233  4.76047  -3.80837  2.85628  -1.42814  
3.8477  -3.36674  4.80963  -3.8477  2.88578  -1.44289  
3.9004  -3.41285  4.8755  -3.9004  2.9253  -1.46265  
3.94287  -3.45001  4.92859  -3.94287  2.95715  -1.47858  
3.99321  -3.49406  4.99151  -3.99321  2.99491  -1.49745  
4.04512  -3.53948  5.0564  -4.04512  3.03384  -1.51692  
4.08995  -3.57871  5.11244  -4.08995  3.06747  -1.53373  
4.14108  -3.62344  5.17635  -4.14108  3.10581  -1.5529  
4.18827  -3.66474  5.23534  -4.18827  3.1412  -1.5706  
4.24018  -3.71016  5.30023  -4.24018  3.18014  -1.59007  
4.28816  -3.75214  5.3602  -4.28816  3.21612  -1.60806  
4.33771  -3.7955  5.42214  -4.33771  3.25329  -1.62664  
4.38648  -3.83817  5.4831  -4.38648  3.28986  -1.64493  
4.43446  -3.88015  5.54307  -4.43446  3.32584  -1.66292  
4.48873  -3.92764  5.61091  -4.48873  3.36655  -1.68327  
4.53828  -3.971  5.67285  -4.53828  3.40371  -1.70186  
4.58233  -4.00954  5.72791  -4.58233  3.43675  -1.71837  
4.63188  -4.05289  5.78985  -4.63188  3.47391  -1.73695  
4.68694  -4.10107  5.85867  -4.68694  3.5152  -1.7576  
4.74435  -4.15131  5.93044  -4.74435  3.55827  -1.77913  
4.77975  -4.18228  5.97468  -4.77975  3.58481  -1.79241  
4.83166  -4.2277  6.03957  -4.83166  3.62374  -1.81187  
4.87728  -4.26762  6.0966  -4.87728  3.65796  -1.82898  
4.92762  -4.31166  6.15952  -4.92762  3.69571  -1.84786  
4.9756  -4.35365  6.21949  -4.9756  3.7317  -1.86585  
5.0393  -4.40939  6.29913  -5.0393  3.77948  -1.88974  
5.07391  -4.43967  6.34239  -5.07391  3.80543  -1.90272  
5.1329  -4.49129  6.41613  -5.1329  3.84968  -1.92484  
5.17223  -4.5257  6.46529  -5.17223  3.87917  -1.93959  
5.22414  -4.57112  6.53018  -5.22414  3.91811  -1.95905  
5.27133  -4.61242  6.58917  -5.27133  3.9535  -1.97675  
5.32796  -4.66197  6.65995  -5.32796  3.99597  -1.99799  
5.36886  -4.69776  6.71108  -5.36886  4.02665  -2.01332  
5.42078  -4.74318  6.77597  -5.42078  4.06558  -2.03279  
5.47269  -4.7886  6.84086  -5.47269  4.10452  -2.05226  
5.51988  -4.82989  6.89985  -5.51988  4.13991  -2.06995  
5.56786  -4.87188  6.95982  -5.56786  4.17589  -2.08795  
5.61741  -4.91523  7.02176  -5.61741  4.21306  -2.10653  
5.66853  -4.95997  7.08567  -5.66853  4.2514  -2.1257  
5.71573  -5.00126  7.14466  -5.71573  4.28679  -2.1434  
5.76056  -5.04049  7.2007  -5.76056  4.32042  -2.16021  
5.81483  -5.08798  7.26854  -5.81483  4.36112  -2.18056  
5.86202  -5.12927  7.32753  -5.86202  4.39652  -2.19826  
5.91944  -5.17951  7.3993  -5.91944  4.43958  -2.21979  
5.95877  -5.21392  7.44846  -5.95877  4.46907  -2.23454  
6.01068  -5.25934  7.51335  -6.01068  4.50801  -2.254  
6.0563  -5.29926  7.57037  -6.0563  4.54222  -2.27111  
6.11135  -5.34744  7.63919  -6.11135  4.58352  -2.29176  
6.1554  -5.38598  7.69425  -6.1554  4.61655  -2.30828  
6.21282  -5.43622  7.76602  -6.21282  4.65961  -2.32981  
6.26001  -5.47751  7.82501  -6.26001  4.69501  -2.3475  
6.30406  -5.51605  7.88007  -6.30406  4.72804  -2.36402  
6.35361  -5.55941  7.94201  -6.35361  4.76521  -2.3826  
6.40473  -5.60414  8.00592  -6.40473  4.80355  -2.40177  
6.45664  -5.64956  8.07081  -6.45664  4.84248  -2.42124  
6.51485  -5.70049  8.14356  -6.51485  4.88614  -2.44307  
6.55024  -5.73146  8.1878  -6.55024  4.91268  -2.45634  
6.60137  -5.7762  8.25171  -6.60137  4.95103  -2.47551  
6.64777  -5.8168  8.30972  -6.64777  4.98583  -2.49291  
6.70519  -5.86704  8.38149  -6.70519  5.02889  -2.51445  
6.74452  -5.90145  8.43065  -6.74452  5.05839  -2.52919  
6.79879  -5.94894  8.49849  -6.79879  5.09909  -2.54955  
6.84362  -5.98817  8.55453  -6.84362  5.13272  -2.56636  
6.90182  -6.0391  8.62728  -6.90182  5.17637  -2.58818  
6.94194  -6.0742  8.67742  -6.94194  5.20645  -2.60323  
6.99149  -6.11755  8.73936  -6.99149  5.24362  -2.62181  
7.04655  -6.16573  8.80818  -7.04655  5.28491  -2.64246  
7.09925  -6.21184  8.87406  -7.09925  5.32443  -2.66222  
7.13936  -6.24694  8.9242  -7.13936  5.35452  -2.67726  
7.19127  -6.29236  8.98909  -7.19127  5.39345  -2.69673  
7.24004  -6.33503  9.05004  -7.24004  5.43003  -2.71501  
7.29509  -6.38321  9.11887  -7.29509  5.47132  -2.73566  
7.33521  -6.41831  9.16901  -7.33521  5.5014  -2.7507  
7.38397  -6.46098  9.22996  -7.38397  5.53798  -2.76899  
7.4351  -6.50571  9.29387  -7.4351  5.57632  -2.78816  
7.48308  -6.54769  9.35384  -7.48308  5.61231  -2.80615  
7.53263  -6.59105  9.41578  -7.53263  5.64947  -2.82474  
7.58218  -6.63441  9.47772  -7.58218  5.68663  -2.84332  
7.62937  -6.6757  9.53671  -7.62937  5.72203  -2.86101  
7.68364  -6.72319  9.60455  -7.68364  5.76273  -2.88137  
7.72926  -6.7631  9.66158  -7.72926  5.79695  -2.89847  
7.78039  -6.80784  9.72548  -7.78039  5.83529  -2.91764  
7.83151  -6.85257  9.78939  -7.83151  5.87363  -2.93682  
7.87634  -6.8918  9.84543  -7.87634  5.90726  -2.95363  
7.93793  -6.94569  9.92241  -7.93793  5.95345  -2.97672  
7.96314  -6.96775  9.95392  -7.96314  5.97235  -2.98618  
7.99044  -6.99163  9.98805  -7.99044  5.99283  -2.99641  
7.99928  -6.99937  9.9991  -7.99928  5.99946  -2.99973  
7.98991  -7.02291  9.99325  -7.9968  5.9975  -2.99898  
8.00048  -6.99988  9.99927  -7.99927  5.99891  -2.99964  
8.00452  -6.99887  9.99321  -7.99321  5.98982  -2.99661  
8.01413  -6.99647  9.9788  -7.9788  5.9682  -2.9894  
8.03699  -6.99075  9.94452  -7.94452  5.91678  -2.97226  
8.05408  -6.98648  9.91887  -7.91887  5.87831  -2.95944  
8.07758  -6.98061  9.88364  -7.88364  5.82545  -2.94182  
8.1  -6.975  9.85  -7.85  5.775  -2.925  
8.11922  -6.97019  9.82117  -7.82117  5.73175  -2.91058  
8.14307  -6.96423  9.7854  -7.7854  5.6781  -2.8927  
8.16585  -6.95854  9.75123  -7.75123  5.62684  -2.87561  
8.1897  -6.95258  9.71546  -7.71546  5.57318  -2.85773  
8.2082  -6.94795  9.68769  -7.68769  5.53154  -2.84385  
8.23205  -6.94199  9.65192  -7.65192  5.47788  -2.82596  
8.25305  -6.93674  9.62042  -7.62042  5.43063  -2.81021  
8.27761  -6.9306  9.58358  -7.58358  5.37537  -2.79179  
8.29754  -6.92561  9.55368  -7.55368  5.33053  -2.77684  
8.32032  -6.91992  9.51951  -7.51951  5.27927  -2.75976  
8.34239  -6.9144  9.48641  -7.48641  5.22962  -2.74321  
8.36838  -6.90791  9.44744  -7.44744  5.17116  -2.72372  
8.38617  -6.90346  9.42074  -7.42074  5.13111  -2.71037  
8.40824  -6.89794  9.38764  -7.38764  5.08146  -2.69382  
8.43173  -6.89207  9.3524  -7.3524  5.0286  -2.6762  
8.45416  -6.88646  9.31877  -7.31877  4.97815  -2.65938  
8.48121  -6.8797  9.27819  -7.27819  4.91729  -2.6391  
8.49722  -6.87569  9.25416  -7.25416  4.88125  -2.62708  
8.52285  -6.86929  9.21572  -7.21572  4.82359  -2.60786  
8.54136  -6.86466  9.18796  -7.18796  4.78194  -2.59398  
8.56414  -6.85897  9.15379  -7.15379  4.73069  -2.5769  
8.58763  -6.85309  9.11855  -7.11855  4.67783  -2.55928  
8.61183  -6.84704  9.08225  -7.08225  4.62337  -2.54112  
8.63248  -6.84188  9.05128  -7.05128  4.57692  -2.52564  
8.65277  -6.83681  9.02085  -7.02085  4.53127  -2.51042  
8.67483  -6.83129  8.98775  -6.98775  4.48162  -2.49387  
8.69833  -6.82542  8.95251  -6.95251  4.42877  -2.47626  
8.72716  -6.81821  8.90926  -6.90926  4.3639  -2.45463  
8.74246  -6.81438  8.88631  -6.88631  4.32946  -2.44315  
8.76417  -6.80896  8.85374  -6.85374  4.28061  -2.42687  
8.78945  -6.80264  8.81583  -6.81583  4.22375  -2.40792  
8.80867  -6.79783  8.787  -6.787  4.1805  -2.3935  
8.83429  -6.79143  8.74856  -6.74856  4.12284  -2.37428  
8.85992  -6.78502  8.71012  -6.71012  4.06518  -2.35506  
8.87879  -6.7803  8.68182  -6.68182  4.02273  -2.34091  
8.89836  -6.77541  8.65246  -6.65246  3.97869  -2.32623  
8.92043  -6.76989  8.61936  -6.61936  3.92903  -2.30968  
8.94392  -6.76402  8.58412  -6.58412  3.87618  -2.29206  
8.96813  -6.75797  8.54781  -6.54781  3.82172  -2.27391  
8.9909  -6.75227  8.51364  -6.51364  3.77046  -2.25682  
9.01226  -6.74693  8.48161  -6.48161  3.72241  -2.2408  
9.03362  -6.7416  8.44957  -6.44957  3.67436  -2.22479  
9.05497  -6.73626  8.41754  -6.41754  3.62631  -2.20877  
9.07633  -6.73092  8.38551  -6.38551  3.57826  -2.19275  
9.09911  -6.72522  8.35134  -6.35134  3.527  -2.17567  
9.12047  -6.71988  8.3193  -6.3193  3.47895  -2.15965  
9.14574  -6.71357  8.2814  -6.2814  3.42209  -2.1407  
9.16638  -6.7084  8.25043  -6.25043  3.37564  -2.12521  
9.18702  -6.70324  8.21946  -6.21946  3.32919  -2.10973  
9.21123  -6.69719  8.18316  -6.18316  3.27474  -2.09158  
9.23365  -6.69159  8.14952  -6.14952  3.22428  -2.07476  
9.25857  -6.68536  8.11215  -6.11215  3.16822  -2.05607  
9.27636  -6.68091  8.08545  -6.08545  3.12818  -2.04273  
9.30057  -6.67486  8.04915  -6.04915  3.07372  -2.02457  
9.32121  -6.6697  8.01818  -6.01818  3.02727  -2.00909  
9.34826  -6.66293  7.97761  -5.97761  2.96641  -1.9888  
9.3657  -6.65857  7.95144  -5.95144  2.92717  -1.97572  
9.3892  -6.6527  7.91621  -5.91621  2.87431  -1.9581  
9.4102  -6.64745  7.88471  -5.88471  2.82706  -1.94235  
9.43191  -6.64202  7.85214  -5.85214  2.77821  -1.92607  
9.45469  -6.63633  7.81797  -5.81797  2.72695  -1.90898  
9.47818  -6.63046  7.78273  -5.78273  2.6741  -1.89137  
9.49989  -6.62503  7.75016  -5.75016  2.62524  -1.87508  
9.52232  -6.61942  7.71653  -5.71653  2.57479  -1.85826  
9.54332  -6.61417  7.68503  -5.68503  2.52754  -1.84251  
9.56716  -6.60821  7.64926  -5.64926  2.47388  -1.82463  
9.58781  -6.60305  7.61829  -5.61829  2.42743  -1.80914  
9.61415  -6.59646  7.57878  -5.57878  2.36817  -1.78939  
9.63194  -6.59201  7.55209  -5.55209  2.32813  -1.77604  
9.65472  -6.58632  7.51792  -5.51792  2.27687  -1.75896  
9.67643  -6.58089  7.48535  -5.48535  2.22802  -1.74267  
9.70277  -6.57431  7.44584  -5.44584  2.16876  -1.72292  
9.72164  -6.56959  7.41754  -5.41754  2.12631  -1.70877  
9.74371  -6.56407  7.38444  -5.38444  2.07666  -1.69222  
9.76613  -6.55847  7.3508  -5.3508  2.02621  -1.6754  
9.79852  -6.55037  7.30222  -5.30222  1.95333  -1.65111  
9.81062  -6.54734  7.28407  -5.28407  1.9261  -1.64203  
9.8334  -6.54165  7.2499  -5.2499  1.87485  -1.62495  
9.85405  -6.53649  7.21893  -5.21893  1.8284  -1.60947  
9.87647  -6.53088  7.18529  -5.18529  1.77794  -1.59265  
9.90494  -6.52376  7.14258  -5.14258  1.71387  -1.57129  
9.9231  -6.51923  7.11535  -5.11535  1.67303  -1.55768  
9.9441  -6.51398  7.08385  -5.08385  1.62578  -1.54193  
9.96545  -6.50864  7.05182  -5.05182  1.57773  -1.52591  
9.98859  -6.50285  7.01712  -5.01712  1.52567  -1.50856  
10.0099  -6.49751  6.98508  -4.98508  1.47762  -1.49254  
10.0391  -6.49022  6.9413  -4.9413  1.41195  -1.47065  
10.0559  -6.48603  6.91621  -4.91621  1.37431  -1.4581  
10.0769  -6.48078  6.88471  -4.88471  1.32706  -1.44235  
10.0996  -6.47509  6.85054  -4.85054  1.27581  -1.42527  
10.1221  -6.46948  6.8169  -4.8169  1.22535  -1.40845  
10.1484  -6.4629  6.77739  -4.77739  1.16609  -1.3887  
10.1662  -6.45845  6.7507  -4.7507  1.12605  -1.37535  
10.1897  -6.45258  6.71546  -4.71546  1.07319  -1.35773  
10.2121  -6.44697  6.68183  -4.68183  1.02274  -1.34091  
10.237  -6.44074  6.64445  -4.64445  0.966678  -1.32223  
10.2595  -6.43514  6.61082  -4.61082  0.916224  -1.30541  
10.279  -6.43024  6.58145  -4.58145  0.872177  -1.29073  
10.3007  -6.42481  6.54888  -4.54888  0.823325  -1.27444  
10.3235  -6.41912  6.51471  -4.51471  0.772071  -1.25736  
10.3442  -6.41396  6.48375  -4.48375  0.725621  -1.24187  
10.3677  -6.40809  6.44851  -4.44851  0.672765  -1.22426  
10.3912  -6.40221  6.41327  -4.41327  0.619909  -1.20664  
10.4118  -6.39705  6.38231  -4.38231  0.573459  -1.19115  
10.436  -6.391  6.346  -4.346  0.519001  -1.173  
10.457  -6.38575  6.3145  -4.3145  0.471751  -1.15725  
10.478  -6.3805  6.283  -4.283  0.424501  -1.1415  
10.4994  -6.37516  6.25097  -4.25097  0.37645  -1.12548  
10.5228  -6.36929  6.21573  -4.21573  0.323593  -1.10786  
10.5456  -6.36359  6.18156  -4.18156  0.272339  -1.09078  
10.5695  -6.35763  6.14579  -4.14579  0.218681  -1.07289  
10.593  -6.35176  6.11055  -4.11055  0.165825  -1.05528  
10.6111  -6.34722  6.08332  -4.08332  0.124982  -1.04166  
10.6357  -6.34108  6.04648  -4.04648  0.0697228  -1.02324  
10.6585  -6.33539  6.01231  -4.01231  0.0184683  -1.00616  
10.678  -6.33049  5.98295  -3.98295  -0.0255786  -0.991474  
10.6994  -6.32515  5.95091  -3.95091  -0.0736298  -0.975457  
10.7236  -6.3191  5.91461  -3.91461  -0.128088  -0.957304  
10.7467  -6.31332  5.8799  -3.8799  -0.180143  -0.939952  
10.7709  -6.30727  5.8436  -3.8436  -0.234601  -0.9218  
10.7944  -6.30139  5.80836  -3.80836  -0.287458  -0.904181  
10.8108  -6.2973  5.7838  -3.7838  -0.324297  -0.891901  
10.8332  -6.29169  5.75017  -3.75017  -0.374751  -0.875083  
10.8588  -6.28529  5.71173  -3.71173  -0.432412  -0.855863  
10.8781  -6.28048  5.68289  -3.68289  -0.475658  -0.841447  
10.9019  -6.27452  5.64712  -3.64712  -0.529315  -0.823562  
10.9251  -6.26874  5.61242  -3.61242  -0.581371  -0.80621  
10.9482  -6.26295  5.57772  -3.57772  -0.633426  -0.788858  
10.9685  -6.25788  5.54728  -3.54728  -0.679075  -0.773642  
10.9909  -6.25227  5.51365  -3.51365  -0.729528  -0.756824  
11.0126  -6.24685  5.48108  -3.48108  -0.77838  -0.74054  
11.0347  -6.24133  5.44798  -3.44798  -0.828033  -0.723989  
11.0567  -6.23581  5.41488  -3.41488  -0.877686  -0.707438  
11.0795  -6.23012  5.38071  -3.38071  -0.928941  -0.690353  
11.1027  -6.22433  5.346  -3.346  -0.980996  -0.673001  
11.1315  -6.21713  5.30276  -3.30276  -1.04587  -0.651378  
11.1443  -6.21392  5.28354  -3.28354  -1.0747  -0.641768  
11.1678  -6.20805  5.2483  -3.2483  -1.12755  -0.624149  
11.1902  -6.20244  5.21466  -3.21466  -1.17801  -0.607331  
11.2112  -6.19719  5.18316  -3.18316  -1.22526  -0.591581  
11.234  -6.1915  5.14899  -3.14899  -1.27651  -0.574496  
11.2575  -6.18563  5.11376  -3.11376  -1.32937  -0.556878  
11.2789  -6.18029  5.08172  -3.08172  -1.37742  -0.540861  
11.3048  -6.17379  5.04275  -3.04275  -1.43588  -0.521373  
11.323  -6.16925  5.01552  -3.01552  -1.47672  -0.507759  
11.3465  -6.16338  4.98028  -2.98028  -1.52958  -0.49014  
11.3703  -6.15742  4.94451  -2.94451  -1.58324  -0.472254  
11.3938  -6.15155  4.90927  -2.90927  -1.63609  -0.454635  
11.4166  -6.14585  4.8751  -2.8751  -1.68735  -0.437551  
11.434  -6.14149  4.84894  -2.84894  -1.72659  -0.42447  
11.4565  -6.13588  4.8153  -2.8153  -1.77704  -0.407652  
11.4782  -6.13046  4.78274  -2.78274  -1.8259  -0.391368  
11.5006  -6.12485  4.7491  -2.7491  -1.87635  -0.37455  
11.5248  -6.1188  4.71279  -2.71279  -1.93081  -0.356397  
11.5451  -6.11373  4.68236  -2.68236  -1.97646  -0.341181  
11.5707  -6.10732  4.64392  -2.64392  -2.03412  -0.321961  
11.5896  -6.1026  4.61562  -2.61562  -2.07656  -0.307812  
11.6127  -6.09682  4.58092  -2.58092  -2.12862  -0.290461  
11.6369  -6.09077  4.54462  -2.54462  -2.18308  -0.272308  
11.6583  -6.08543  4.51258  -2.51258  -2.23113  -0.256291  
11.6786  -6.08036  4.48215  -2.48215  -2.27678  -0.241075  
11.7021  -6.07449  4.44691  -2.44691  -2.32963  -0.223456  
11.7245  -6.06888  4.41328  -2.41328  -2.38009  -0.206638  
11.7462  -6.06345  4.38071  -2.38071  -2.42894  -0.190354  
11.7679  -6.05802  4.34814  -2.34814  -2.47779  -0.17407  
11.7914  -6.05215  4.3129  -2.3129  -2.53065  -0.156451  
11.8149  -6.04628  4.27766  -2.27766  -2.5835  -0.138832  
11.8362  -6.04094  4.24563  -2.24563  -2.63155  -0.122815  
11.8569  -6.03578  4.21466  -2.21466  -2.678  -0.107332  
11.8804  -6.0299  4.17943  -2.17943  -2.73086  -0.0897134  
11.9017  -6.02457  4.14739  -2.14739  -2.77891  -0.0736964  
11.9242  -6.01896  4.11376  -2.11376  -2.82936  -0.0568785  
11.9462  -6.01344  4.08066  -2.08066  -2.87902  -0.0403275  
11.9685  -6.00787  4.0472  -2.0472  -2.92919  -0.0236019  
11.9854  -6.00365  4.02189  -2.02189  -2.96716  -0.0109466  
11.9966  -6.00084  4.00506  -2.00506  -2.99241  -0.00253158  
11.9998  -6.00004  4.00024  -2.00024  -2.99964  -0.000120709  
12  -6  4  -2  -3  0  
11.9969  -6.00113  4.00056  -1.99775  -2.99916  0.00225291  
11.9737  -6.00957  4.00479  -1.98086  -2.99282  0.0191414  
11.9381  -6.02249  4.01125  -1.95501  -2.98313  0.0449895  
11.8711  -6.04689  4.02344  -1.90622  -2.96483  0.0937771  
11.7876  -6.07725  4.03862  -1.8455  -2.94206  0.154495  
11.7043  -6.10754  4.05377  -1.78491  -2.91934  0.215088  
11.6421  -6.13015  4.06508  -1.73969  -2.90238  0.260307  
11.565  -6.15819  4.07909  -1.68362  -2.88136  0.316379  
11.4866  -6.18668  4.09334  -1.62665  -2.85999  0.373355  
11.4083  -6.21517  4.10758  -1.56967  -2.83863  0.430331  
11.33  -6.24365  4.12183  -1.51269  -2.81726  0.487306  
11.2491  -6.27305  4.13652  -1.45391  -2.79522  0.546091  
11.1646  -6.30379  4.1519  -1.39241  -2.77215  0.607589  
11.0999  -6.32731  4.16365  -1.34538  -2.75452  0.654616  
11.0203  -6.35625  4.17812  -1.2875  -2.73281  0.712497  
10.9382  -6.38609  4.19305  -1.22781  -2.71043  0.772186  
10.8574  -6.41549  4.20774  -1.16903  -2.68839  0.83097  
10.7791  -6.44397  4.22199  -1.11205  -2.66702  0.887946  
10.7107  -6.46884  4.23442  -1.06231  -2.64837  0.937687  
10.6299  -6.49824  4.24912  -1.00353  -2.62632  0.996472  
10.5528  -6.52627  4.26314  -0.947457  -2.6053  1.05254  
10.4694  -6.55657  4.27828  -0.886864  -2.58257  1.11314  
10.3986  -6.58234  4.29117  -0.835314  -2.56324  1.16469  
10.3165  -6.61219  4.30609  -0.775625  -2.54086  1.22437  
10.2419  -6.63932  4.31966  -0.721362  -2.52051  1.27864  
10.1673  -6.66645  4.33323  -0.6671  -2.50016  1.3329  
10.0877  -6.69539  4.3477  -0.609219  -2.47846  1.39078  
10.0081  -6.72433  4.36217  -0.551339  -2.45675  1.44866  
9.92353  -6.75508  4.37754  -0.489841  -2.43369  1.51016  
9.84022  -6.78538  4.39269  -0.429248  -2.41097  1.57075  
9.77555  -6.80889  4.40444  -0.38222  -2.39333  1.61778  
9.6997  -6.83647  4.41824  -0.327053  -2.37264  1.67295  
9.61141  -6.86858  4.43429  -0.262842  -2.34857  1.73716  
9.53804  -6.89526  4.44763  -0.209484  -2.32856  1.79052  
9.46716  -6.92103  4.46052  -0.157934  -2.30923  1.84207  
9.36892  -6.95676  4.47838  -0.0864885  -2.28243  1.91351  
9.31048  -6.97801  4.489  -0.0439828  -2.26649  1.95602  
9.21846  -7.01147  4.50574  0.0229413  -2.2414  2.02294  
9.15628  -7.03408  4.51704  0.0681602  -2.22444  2.06816  
9.07296  -7.06438  4.53219  0.128754  -2.20172  2.12875  
8.99835  -7.09151  4.54575  0.183016  -2.18137  2.18302  
8.91006  -7.12361  4.56181  0.247227  -2.15729  2.24723  
8.84291  -7.14803  4.57402  0.296064  -2.13898  2.29606  
8.7596  -7.17833  4.58916  0.356657  -2.11625  2.35666  
8.68001  -7.20727  4.60363  0.414537  -2.09455  2.41454  
8.5967  -7.23757  4.61878  0.475131  -2.07183  2.47513  
8.5196  -7.2656  4.6328  0.531202  -2.0508  2.5312  
8.45245  -7.29002  4.64501  0.580038  -2.03249  2.58004  
8.37908  -7.3167  4.65835  0.633397  -2.01248  2.6334  
8.29949  -7.34564  4.67282  0.691277  -1.99077  2.69128  
8.2224  -7.37367  4.68684  0.747349  -1.96974  2.74735  
8.14032  -7.40352  4.70176  0.807038  -1.94736  2.80704  
8.05949  -7.43291  4.71646  0.865822  -1.92532  2.86582  
7.97742  -7.46276  4.73138  0.925511  -1.90293  2.92551  
7.91276  -7.48627  4.74313  0.972539  -1.8853  2.97254  
7.82944  -7.51657  4.75828  1.03313  -1.86258  3.03313  
7.75359  -7.54415  4.77207  1.0883  -1.84189  3.0883  
7.67276  -7.57354  4.78677  1.14708  -1.81984  3.14708  
7.59939  -7.60022  4.80011  1.20044  -1.79983  3.20044  
7.51732  -7.63007  4.81503  1.26013  -1.77745  3.26013  
7.43649  -7.65946  4.82973  1.31892  -1.75541  3.31892  
7.3681  -7.68433  4.84216  1.36866  -1.73675  3.36866  
7.29224  -7.71191  4.85596  1.42382  -1.71607  3.42382  
7.21141  -7.7413  4.87065  1.48261  -1.69402  3.48261  
7.12437  -7.77296  4.88648  1.54591  -1.67028  3.54591  
7.05597  -7.79783  4.89891  1.59566  -1.65163  3.59566  
6.97763  -7.82632  4.91316  1.65263  -1.63026  3.65263  
6.8968  -7.85571  4.92785  1.71142  -1.60822  3.71142  
6.81349  -7.886  4.943  1.77201  -1.5855  3.77201  
6.73888  -7.91314  4.95657  1.82627  -1.56515  3.82627  
6.66551  -7.93982  4.96991  1.87963  -1.54514  3.87963  
6.58344  -7.96966  4.98483  1.93932  -1.52276  3.93932  
6.51131  -7.99589  4.99794  1.99177  -1.50308  3.99177  
6.42302  -8.02799  5.014  2.05598  -1.47901  4.05598  
6.35463  -8.05286  5.02643  2.10573  -1.46035  4.10573  
6.26261  -8.08632  5.04316  2.17265  -1.43526  4.17265  
6.19297  -8.11165  5.05582  2.22329  -1.41626  4.22329  
6.11214  -8.14104  5.07052  2.28208  -1.39422  4.28208  
6.04623  -8.16501  5.0825  2.33001  -1.37625  4.33001  
5.96541  -8.1944  5.0972  2.3888  -1.3542  4.3888  
5.88582  -8.22334  5.11167  2.44668  -1.3325  4.44668  
5.80624  -8.25228  5.12614  2.50456  -1.31079  4.50456  
5.7366  -8.2776  5.1388  2.5552  -1.2918  4.5552  
5.65204  -8.30835  5.15417  2.6167  -1.26874  4.6167  
5.57245  -8.33729  5.16864  2.67458  -1.24703  4.67458  
5.50157  -8.36306  5.18153  2.72613  -1.2277  4.72613  
5.42447  -8.3911  5.19555  2.7822  -1.20667  4.7822  
5.34489  -8.42004  5.21002  2.84008  -1.18497  4.84008  
5.26655  -8.44853  5.22426  2.89706  -1.1636  4.89706  
5.19069  -8.47611  5.23806  2.95222  -1.14292  4.95222  
5.11235  -8.5046  5.2523  3.0092  -1.12155  5.0092  
5.03152  -8.53399  5.267  3.06798  -1.09951  5.06798  
4.94696  -8.56474  5.28237  3.12948  -1.07644  5.12948  
4.86489  -8.59459  5.29729  3.18917  -1.05406  5.18917  
4.80271  -8.61719  5.3086  3.23439  -1.0371  5.23439  
4.72686  -8.64478  5.32239  3.28956  -1.01642  5.28956  
4.63733  -8.67734  5.33867  3.35467  -0.991998  5.35467  
4.56271  -8.70447  5.35223  3.40893  -0.971649  5.40893  
4.4794  -8.73476  5.36738  3.46953  -0.948927  5.46953  
4.40976  -8.76009  5.38004  3.52017  -0.929935  5.52017  
4.33515  -8.78722  5.39361  3.57444  -0.909586  5.57444  
4.25432  -8.81661  5.40831  3.63322  -0.887542  5.63322  
4.18095  -8.84329  5.42164  3.68658  -0.867533  5.68658  
4.09888  -8.87313  5.43657  3.74627  -0.845149  5.74627  
4.02551  -8.89981  5.44991  3.79963  -0.82514  5.79963  
3.94717  -8.9283  5.46415  3.8566  -0.803774  5.8566  
3.86883  -8.95679  5.47839  3.91358  -0.782408  5.91358  
3.788  -8.98618  5.49309  3.97236  -0.760364  5.97236  
3.70469  -9.01648  5.50824  4.03296  -0.737641  6.03296  
3.62261  -9.04632  5.52316  4.09265  -0.715258  6.09265  
3.55795  -9.06984  5.53492  4.13967  -0.697623  6.13967  
3.47836  -9.09878  5.54939  4.19755  -0.675918  6.19755  
3.39754  -9.12817  5.56408  4.25634  -0.653873  6.25634  
3.32292  -9.1553  5.57765  4.3106  -0.633525  6.3106  
3.24956  -9.18198  5.59099  4.36396  -0.613516  6.36396  
3.165  -9.21273  5.60636  4.42546  -0.590454  6.42546  
3.08293  -9.24257  5.62129  4.48515  -0.56807  6.48515  
2.98096  -9.27965  5.63983  4.5593  -0.540261  6.5593  
2.93743  -9.29548  5.64774  4.59096  -0.528391  6.59096  
2.85536  -9.32532  5.66266  4.65065  -0.506007  6.65065  
2.78075  -9.35245  5.67623  4.70491  -0.485659  6.70491  
2.69743  -9.38275  5.69138  4.7655  -0.462936  6.7655  
2.62655  -9.40853  5.70426  4.81705  -0.443605  6.81705  
2.54324  -9.43882  5.71941  4.87765  -0.420883  6.87765  
2.46116  -9.46867  5.73433  4.93733  -0.398499  6.93733  
2.37909  -9.49851  5.74926  4.99702  -0.376116  6.99702  
2.31443  -9.52203  5.76101  5.04405  -0.358481  7.04405  
2.23857  -9.54961  5.7748  5.09922  -0.337793  7.09922  
2.14904  -9.58217  5.79108  5.16433  -0.313375  7.16433  
2.07567  -9.60885  5.80442  5.21769  -0.293365  7.21769  
2.00355  -9.63507  5.81754  5.27015  -0.273695  7.27015  
1.92272  -9.66447  5.83223  5.32893  -0.251651  7.32893  
1.84811  -9.6916  5.8458  5.38319  -0.231302  7.38319  
1.75609  -9.72506  5.86253  5.45012  -0.206206  7.45012  
1.69267  -9.74812  5.87406  5.49624  -0.18891  7.49624  
1.61184  -9.77751  5.88876  5.55503  -0.166866  7.55503  
1.53723  -9.80464  5.90232  5.60929  -0.146517  7.60929  
1.46262  -9.83178  5.91589  5.66355  -0.126168  7.66355  
1.38179  -9.86117  5.93058  5.72234  -0.104124  7.72234  
1.30096  -9.89056  5.94528  5.78112  -0.08208  7.78112  
1.22013  -9.91995  5.95998  5.8399  -0.0600358  7.8399  
1.14952  -9.94563  5.97282  5.89126  -0.0407775  7.89126  
1.08227  -9.97008  5.98504  5.94017  -0.0224381  7.94017  
1.02979  -9.98917  5.99458  5.97833  -0.00812443  7.97833  
1.00515  -9.99813  5.99906  5.99625  -0.00140488  7.99625  
1.00008  -9.99997  5.99999  5.99994  -2.0775e-05  7.99994  
0.999745  -9.9996  5.99971  5.99985  0.000328332  7.99974  
0.994527  -9.9914  5.99374  5.99687  0.00703729  7.99453  
0.978034  -9.96548  5.9749  5.98745  0.028242  7.97803  
0.943185  -9.91072  5.93507  5.96753  0.0730474  7.94319  
0.910849  -9.85991  5.89811  5.94906  0.114623  7.91085  
0.859947  -9.77992  5.83994  5.91997  0.180068  7.85995  
0.827104  -9.72831  5.8024  5.9012  0.222295  7.8271  
0.778174  -9.65142  5.74648  5.87324  0.285204  7.77817  
0.743991  -9.5977  5.70742  5.85371  0.329155  7.74399  
0.699753  -9.52818  5.65686  5.82843  0.386031  7.69975  
0.654175  -9.45656  5.60477  5.80239  0.444632  7.65418  
0.609938  -9.38705  5.55421  5.77711  0.501509  7.60994  
0.576424  -9.33438  5.51591  5.75796  0.544597  7.57642  
0.532857  -9.26592  5.46612  5.73306  0.600612  7.53286  
0.487279  -9.1943  5.41403  5.70702  0.659212  7.48728  
0.445052  -9.12794  5.36577  5.68289  0.713504  7.44505  
0.409528  -9.07212  5.32518  5.66259  0.759178  7.40953  
0.364621  -9.00155  5.27385  5.63693  0.816916  7.36462  
0.322394  -8.93519  5.22559  5.6128  0.871208  7.32239  
0.274135  -8.85935  5.17044  5.58522  0.933255  7.27413  
0.23794  -8.80248  5.12907  5.56454  0.979791  7.23794  
0.197725  -8.73928  5.08311  5.54156  1.0315  7.19772  
0.156838  -8.67503  5.03639  5.51819  1.08407  7.15684  
0.111931  -8.60446  4.98506  5.49253  1.1418  7.11193  
0.065012  -8.53073  4.93144  5.46572  1.20213  7.06501  
0.0281474  -8.4728  4.88931  5.44466  1.24952  7.02815  
-0.0160901  -8.40329  4.83875  5.41938  1.3064  6.98391  
-0.0643493  -8.32745  4.7836  5.3918  1.36845  6.93565  
-0.0945112  -8.28005  4.74913  5.37457  1.40723  6.90549  
-0.136738  -8.2137  4.70087  5.35044  1.46152  6.86326  
-0.182986  -8.14102  4.64802  5.32401  1.52098  6.81701  
-0.231245  -8.06519  4.59286  5.29643  1.58303  6.76875  
-0.262748  -8.01568  4.55686  5.27843  1.62353  6.73725  
-0.305645  -7.94827  4.50783  5.25392  1.67869  6.69436  
-0.351223  -7.87665  4.45575  5.22787  1.73729  6.64878  
-0.389428  -7.81661  4.41208  5.20604  1.78641  6.61057  
-0.430314  -7.75236  4.36536  5.18268  1.83898  6.56969  
-0.473881  -7.6839  4.31556  5.15778  1.89499  6.52612  
-0.514097  -7.6207  4.2696  5.1348  1.9467  6.4859  
-0.563027  -7.54382  4.21368  5.10684  2.00961  6.43697  
-0.597881  -7.48904  4.17385  5.08693  2.05442  6.40212  
-0.642118  -7.41953  4.12329  5.06165  2.11129  6.35788  
-0.680323  -7.35949  4.07963  5.03982  2.16042  6.31968  
-0.726571  -7.28682  4.02678  5.01339  2.21988  6.27343  
-0.764106  -7.22783  3.98388  4.99194  2.26814  6.23589  
-0.809014  -7.15726  3.93256  4.96628  2.32588  6.19099  
-0.853252  -7.08775  3.882  4.941  2.38275  6.14675  
-0.888776  -7.03192  3.8414  4.9207  2.42843  6.11122  
-0.932343  -6.96346  3.79161  4.8958  2.48444  6.06766  
-0.97591  -6.895  3.74182  4.87091  2.54046  6.02409  
-1.01546  -6.83286  3.69662  4.84831  2.5913  5.98454  
-1.06774  -6.7507  3.63687  4.81844  2.65852  5.93226  
-1.09991  -6.70014  3.6001  4.80005  2.69988  5.90009  
-1.14013  -6.63695  3.55414  4.77707  2.75159  5.85987  
-1.18302  -6.56954  3.50512  4.75256  2.80674  5.81698  
-1.23262  -6.49159  3.44843  4.72422  2.87051  5.76738  
-1.26748  -6.43682  3.4086  4.7043  2.91533  5.73252  
-1.31104  -6.36836  3.35881  4.6794  2.97134  5.68896  
-1.34992  -6.30727  3.31438  4.65719  3.02132  5.65008  
-1.39885  -6.23038  3.25846  4.62923  3.08423  5.60115  
-1.43437  -6.17456  3.21786  4.60893  3.12991  5.56563  
-1.47727  -6.10715  3.16884  4.58442  3.18506  5.52273  
-1.51815  -6.0429  3.12211  4.56105  3.23763  5.48185  
-1.56105  -5.97549  3.07308  4.53654  3.29278  5.43895  
-1.60194  -5.91124  3.02636  4.51318  3.34535  5.39806  
-1.64618  -5.84172  2.9758  4.4879  3.40223  5.35382  
-1.69175  -5.7701  2.92371  4.46186  3.46083  5.30825  
-1.72929  -5.71112  2.88081  4.44041  3.50909  5.27071  
-1.77017  -5.64687  2.83409  4.41704  3.56165  5.22983  
-1.81307  -5.57946  2.78506  4.39253  3.61681  5.18693  
-1.85329  -5.51626  2.7391  4.36955  3.66851  5.14671  
-1.90356  -5.43727  2.68165  4.34082  3.73315  5.09644  
-1.94511  -5.37196  2.63416  4.31708  3.78658  5.05489  
-1.98131  -5.31509  2.59279  4.2964  3.83311  5.01869  
-2.02555  -5.24557  2.54223  4.27112  3.88999  4.97445  
-2.07179  -5.17289  2.48938  4.24469  3.94945  4.92821  
-2.10464  -5.12128  2.45184  4.22592  3.99168  4.89536  
-2.14954  -5.05072  2.40052  4.20026  4.04941  4.85046  
-2.18842  -4.98963  2.35609  4.17805  4.0994  4.81158  
-2.22998  -4.92432  2.3086  4.1543  4.15283  4.77002  
-2.27287  -4.85691  2.25957  4.12979  4.20798  4.72713  
-2.31577  -4.7895  2.21055  4.10527  4.26313  4.68423  
-2.35934  -4.72104  2.16076  4.08038  4.31915  4.64066  
-2.40358  -4.65152  2.1102  4.0551  4.37603  4.59642  
-2.44111  -4.59254  2.0673  4.03365  4.42428  4.55889  
-2.48401  -4.52513  2.01828  4.00914  4.47944  4.51599  
-2.52556  -4.45983  1.97078  3.98539  4.53287  4.47444  
-2.56779  -4.39347  1.92253  3.96126  4.58716  4.43221  
-2.60801  -4.33028  1.87656  3.93828  4.63887  4.39199  
-2.65291  -4.25971  1.82524  3.91262  4.6966  4.34709  
-2.69581  -4.1923  1.77622  3.88811  4.75176  4.30419  
-2.73804  -4.12594  1.72796  3.86398  4.80605  4.26196  
-2.77624  -4.0659  1.68429  3.84215  4.85517  4.22376  
-2.81847  -3.99955  1.63603  3.81802  4.90946  4.18153  
-2.85802  -3.9374  1.59084  3.79542  4.96031  4.14198  
-2.90158  -3.86894  1.54105  3.77052  5.01632  4.09842  
-2.94783  -3.79627  1.48819  3.7441  5.07578  4.05217  
-2.98671  -3.73518  1.44376  3.72188  5.12577  4.01329  
-3.02826  -3.66987  1.39627  3.69814  5.1792  3.97174  
-3.07652  -3.59404  1.34112  3.67056  5.24124  3.92348  
-3.11607  -3.53189  1.29592  3.64796  5.29209  3.88393  
-3.16634  -3.4529  1.23847  3.61924  5.35672  3.83366  
-3.19583  -3.40655  1.20477  3.60238  5.39464  3.80417  
-3.24409  -3.33072  1.14961  3.57481  5.45669  3.75591  
-3.27894  -3.27595  1.10978  3.55489  5.5015  3.72106  
-3.32184  -3.20854  1.06076  3.53038  5.55665  3.67816  
-3.36675  -3.13797  1.00943  3.50472  5.61439  3.63325  
-3.40562  -3.07688  0.965003  3.4825  5.66437  3.59438  
-3.45723  -2.99578  0.90602  3.45301  5.73073  3.54277  
-3.48605  -2.95049  0.873081  3.43654  5.76778  3.51395  
-3.53364  -2.8757  0.818694  3.40935  5.82897  3.46636  
-3.57922  -2.80408  0.766604  3.3833  5.88757  3.42078  
-3.6134  -2.75036  0.727538  3.36377  5.93152  3.3866  
-3.65764  -2.68085  0.67698  3.33849  5.9884  3.34236  
-3.70188  -2.61133  0.626423  3.31321  6.04527  3.29812  
-3.73874  -2.5534  0.584292  3.29215  6.09267  3.26126  
-3.78097  -2.48705  0.536033  3.26802  6.14696  3.21903  
-3.82588  -2.41648  0.48471  3.24235  6.2047  3.17412  
-3.86475  -2.35539  0.440281  3.22014  6.25468  3.13525  
-3.91435  -2.27744  0.383596  3.1918  6.31845  3.08565  
-3.94854  -2.22373  0.344529  3.17226  6.36241  3.05146  
-3.99076  -2.15737  0.29627  3.14813  6.4167  3.00924  
-4.03701  -2.08469  0.243414  3.12171  6.47616  2.96299  
-4.07857  -2.01939  0.195921  3.09796  6.52959  2.92143  
-4.11543  -1.96146  0.15379  3.0769  6.57699  2.88457  
-4.159  -1.893  0.103999  3.052  6.633  2.841  
-4.20391  -1.82243  0.0526761  3.02634  6.69074  2.79609  
-4.24211  -1.76239  0.00901306  3.00451  6.73986  2.75789  
-4.28434  -1.69604  -0.039246  2.98038  6.79415  2.71566  
-4.32456  -1.63284  -0.0852071  2.9574  6.84586  2.67544  
-4.36879  -1.56332  -0.135764  2.93212  6.90273  2.63121  
-4.41638  -1.48854  -0.190152  2.90492  6.96392  2.58362  
-4.45124  -1.43377  -0.229984  2.88501  7.00873  2.54876  
-4.49547  -1.36426  -0.280542  2.85973  7.06561  2.50453  
-4.53569  -1.30106  -0.326503  2.83675  7.11732  2.46431  
-4.58395  -1.22522  -0.381656  2.80917  7.17936  2.41605  
-4.61947  -1.1694  -0.422255  2.78887  7.22504  2.38053  
-4.66103  -1.1041  -0.469748  2.76513  7.27847  2.33897  
-4.70728  -1.03142  -0.522603  2.7387  7.33793  2.29272  
-4.74481  -0.972437  -0.5655  2.71725  7.38619  2.25519  
-4.7857  -0.908188  -0.612227  2.69389  7.43876  2.2143  
-4.83128  -0.836565  -0.664316  2.66784  7.49736  2.16872  
-4.87484  -0.768102  -0.714108  2.64295  7.55337  2.12516  
-4.91975  -0.697533  -0.765431  2.61728  7.61111  2.08025  
-4.95327  -0.644869  -0.803732  2.59813  7.6542  2.04673  
-4.99683  -0.576406  -0.853523  2.57324  7.71021  2.00317  
-5.04241  -0.504784  -0.905612  2.54719  7.76881  1.95759  
-5.0786  -0.447907  -0.946977  2.52651  7.81535  1.9214  
-5.12418  -0.376284  -0.999066  2.50047  7.87395  1.87582  
-5.16373  -0.314141  -1.04426  2.47787  7.92479  1.83627  
-5.20528  -0.248838  -1.09175  2.45412  7.97822  1.79472  
-5.25488  -0.170896  -1.14844  2.42578  8.04199  1.74512  
-5.28907  -0.117179  -1.18751  2.40625  8.08594  1.71093  
-5.34403  -0.0308101  -1.25032  2.37484  8.15661  1.65597  
-5.37754  0.0218536  -1.28862  2.35569  8.1997  1.62246  
-5.43385  0.110329  -1.35297  2.32352  8.27209  1.56615  
-5.45596  0.145087  -1.37824  2.31088  8.30053  1.54404  
-5.49953  0.213549  -1.42804  2.28598  8.35654  1.50047  
-5.53908  0.275693  -1.47323  2.26338  8.40738  1.46092  
-5.58197  0.343102  -1.52226  2.23887  8.46254  1.41803  
-5.62353  0.408405  -1.56975  2.21513  8.51597  1.37647  
-5.6671  0.476868  -1.61954  2.19023  8.57198  1.3329  
-5.70932  0.543224  -1.6678  2.1661  8.62627  1.29068  
-5.75289  0.611687  -1.71759  2.1412  8.68229  1.24711  
-5.79177  0.672777  -1.76202  2.11899  8.73227  1.20823  
-5.83667  0.743346  -1.81334  2.09333  8.79001  1.16333  
-5.87488  0.803383  -1.85701  2.0715  8.83913  1.12512  
-5.92543  0.882823  -1.91478  2.04261  8.90413  1.07457  
-5.95462  0.928693  -1.94814  2.02593  8.94166  1.04538  
-5.98327  0.973711  -1.98088  2.00956  8.97849  1.01673  
-5.99618  0.993993  -1.99563  2.00218  8.99509  1.00382  
-5.99999  0.999982  -1.99999  2.00001  8.99999  1.00001  
-5.99979  1.00012  -1.99981  2.00002  8.9997  0.999907  
-5.99332  1.00371  -1.99406  2.00074  8.99035  0.997031  
-5.96874  1.01737  -1.97221  2.00347  8.95484  0.986105  
-5.92896  1.03947  -1.93685  2.00789  8.89738  0.968425  
-5.86457  1.07524  -1.87962  2.01505  8.80438  0.939809  
-5.81974  1.10014  -1.83977  2.02003  8.73962  0.919885  
-5.75201  1.13777  -1.77956  2.02755  8.64179  0.889781  
-5.67092  1.18282  -1.70748  2.03656  8.52466  0.853741  
-5.63848  1.20084  -1.67865  2.04017  8.47781  0.839325  
-5.58219  1.23211  -1.62862  2.04642  8.3965  0.814309  
-5.52018  1.26656  -1.5735  2.05331  8.30693  0.786749  
-5.43814  1.31214  -1.50057  2.06243  8.18843  0.750285  
-5.40094  1.33281  -1.4675  2.06656  8.13468  0.733749  
-5.34083  1.3662  -1.41407  2.07324  8.04787  0.707037  
-5.28073  1.39959  -1.36065  2.07992  7.96106  0.680325  
-5.22349  1.43139  -1.30977  2.08628  7.87838  0.654885  
-5.16148  1.46584  -1.25465  2.09317  7.78881  0.627325  
-5.10424  1.49764  -1.20377  2.09953  7.70613  0.601885  
-5.03842  1.53421  -1.14526  2.10684  7.61105  0.572629  
-4.97831  1.5676  -1.09183  2.11352  7.52423  0.545917  
-4.90772  1.60682  -1.02908  2.12136  7.42226  0.514541  
-4.86193  1.63226  -0.988379  2.12645  7.35612  0.494189  
-4.80469  1.66406  -0.937499  2.13281  7.27344  0.468749  
-4.74458  1.69745  -0.884075  2.13949  7.18662  0.442037  
-4.68544  1.73031  -0.831499  2.14606  7.10119  0.41575  
-4.62343  1.76476  -0.776379  2.15295  7.01162  0.38819  
-4.56809  1.7955  -0.727195  2.1591  6.93169  0.363598  
-4.50131  1.8326  -0.667835  2.16652  6.83523  0.333918  
-4.44694  1.86281  -0.6195  2.17256  6.75669  0.30975  
-4.37348  1.90362  -0.554204  2.18072  6.65058  0.277102  
-4.32101  1.93277  -0.507564  2.18655  6.57479  0.253782  
-4.26854  1.96192  -0.460924  2.19238  6.499  0.230462  
-4.20939  1.99478  -0.408348  2.19896  6.41357  0.204174  
-4.14547  2.03029  -0.351532  2.20606  6.32124  0.175766  
-4.08346  2.06474  -0.296412  2.21295  6.23167  0.148206  
-4.00047  2.11085  -0.222636  2.22217  6.11178  0.111318  
-3.96803  2.12887  -0.193804  2.22577  6.06493  0.0969022  
-3.90793  2.16226  -0.14038  2.23245  5.97812  0.0701902  
-3.85164  2.19353  -0.0903486  2.23871  5.89682  0.0451743  
-3.79345  2.22586  -0.0386207  2.24517  5.81276  0.0193103  
-3.7219  2.26561  0.0249792  2.25312  5.70941  -0.0124896  
-3.67134  2.2937  0.0699231  2.25874  5.63637  -0.0349615  
-3.60551  2.33027  0.128435  2.26605  5.54129  -0.0642175  
-3.54827  2.36207  0.179315  2.27241  5.45861  -0.0896574  
-3.49389  2.39228  0.227651  2.27846  5.38007  -0.113825  
-3.43188  2.42673  0.282771  2.28535  5.2905  -0.141385  
-3.36701  2.46277  0.340435  2.29255  5.19679  -0.170217  
-3.30309  2.49828  0.39725  2.29966  5.10447  -0.198625  
-3.25539  2.52478  0.43965  2.30496  5.03557  -0.219825  
-3.19625  2.55764  0.492226  2.31153  4.95013  -0.246113  
-3.13614  2.59103  0.54565  2.31821  4.86332  -0.272825  
-3.0665  2.62972  0.607554  2.32594  4.76272  -0.303777  
-3.01499  2.65834  0.653346  2.33167  4.68831  -0.326673  
-2.94248  2.69862  0.717794  2.33972  4.58359  -0.358897  
-2.89574  2.72459  0.759346  2.34492  4.51606  -0.379673  
-2.83945  2.75586  0.809378  2.35117  4.43476  -0.404689  
-2.77839  2.78978  0.86365  2.35796  4.34657  -0.431825  
-2.71352  2.82582  0.921313  2.36516  4.25287  -0.460657  
-2.65151  2.86027  0.976433  2.37205  4.1633  -0.488217  
-2.60095  2.88836  1.02138  2.37767  4.09026  -0.510689  
-2.53894  2.92281  1.0765  2.38456  4.00069  -0.538249  
-2.47693  2.95726  1.13162  2.39145  3.91112  -0.565808  
-2.4216  2.988  1.1808  2.3976  3.8312  -0.5904  
-2.36245  3.02086  1.23338  2.40417  3.74576  -0.616688  
-2.29376  3.05902  1.29443  2.4118  3.64655  -0.647216  
-2.23843  3.08976  1.34362  2.41795  3.56662  -0.671808  
-2.17451  3.12527  1.40043  2.42505  3.4743  -0.700216  
-2.11155  3.16025  1.4564  2.43205  3.38335  -0.7282  
-2.06099  3.18834  1.50134  2.43767  3.31032  -0.750672  
-1.99993  3.22226  1.55562  2.44445  3.22212  -0.777808  
-1.94078  3.25512  1.60819  2.45102  3.13669  -0.804096  
-1.88068  3.28851  1.66162  2.4577  3.04987  -0.830808  
-1.82344  3.32031  1.7125  2.46406  2.96719  -0.856248  
-1.76048  3.35529  1.76846  2.47106  2.87625  -0.884232  
-1.69751  3.39027  1.82443  2.47805  2.7853  -0.912216  
-1.6336  3.42578  1.88125  2.48516  2.69297  -0.940624  
-1.5859  3.45228  1.92365  2.49046  2.62407  -0.961824  
-1.5277  3.48461  1.97538  2.49692  2.54002  -0.987688  
-1.45901  3.52277  2.03643  2.50455  2.4408  -1.01822  
-1.4075  3.55139  2.08222  2.51028  2.36639  -1.04111  
-1.3474  3.58478  2.13565  2.51696  2.27957  -1.06782  
-1.28539  3.61923  2.19077  2.52385  2.19  -1.09538  
-1.22815  3.65103  2.24165  2.53021  2.10732  -1.12082  
-1.14897  3.69502  2.31203  2.539  1.99295  -1.15602  
-1.10699  3.71834  2.34934  2.54367  1.93232  -1.17467  
-1.04498  3.75279  2.40446  2.55056  1.84275  -1.20223  
-0.982016  3.78777  2.46043  2.55755  1.7518  -1.23022  
-0.919052  3.82275  2.5164  2.56455  1.66085  -1.2582  
-0.870398  3.84978  2.55965  2.56996  1.59058  -1.27982  
-0.81125  3.88264  2.61222  2.57653  1.50514  -1.30611  
-0.743516  3.92027  2.67243  2.58405  1.4073  -1.33621  
-0.688184  3.95101  2.72161  2.5902  1.32738  -1.36081  
-0.632853  3.98175  2.7708  2.59635  1.24745  -1.3854  
-0.566073  4.01885  2.83016  2.60377  1.15099  -1.41508  
-0.505017  4.05277  2.88443  2.61055  1.0628  -1.44221  
-0.442053  4.08775  2.9404  2.61755  0.971854  -1.4702  
-0.392445  4.11531  2.98449  2.62306  0.900198  -1.49225  
-0.331389  4.14923  3.03877  2.62985  0.812007  -1.51938  
-0.266517  4.18527  3.09643  2.63705  0.718303  -1.54821  
-0.204507  4.21972  3.15155  2.64394  0.628733  -1.57577  
-0.14059  4.25523  3.20836  2.65105  0.536407  -1.60418  
-0.0909817  4.28279  3.25246  2.65656  0.464751  -1.62623  
-0.0318338  4.31565  3.30504  2.66313  0.379315  -1.65252  
0.0330381  4.35169  3.3627  2.67034  0.285612  -1.68135  
0.085508  4.38084  3.40934  2.67617  0.209822  -1.70467  
0.146564  4.41476  3.46361  2.68295  0.12163  -1.73181  
0.206666  4.44815  3.51704  2.68963  0.0348162  -1.75852  
0.26486  4.48048  3.56876  2.6961  -0.0492417  -1.78438  
0.323053  4.51281  3.62049  2.70256  -0.133299  -1.81025  
0.382201  4.54567  3.67307  2.70913  -0.218735  -1.83653  
0.444211  4.58012  3.72819  2.71602  -0.308305  -1.86409  
0.501451  4.61192  3.77907  2.72238  -0.390985  -1.88953  
0.561553  4.64531  3.83249  2.72906  -0.477799  -1.91625  
0.620701  4.67817  3.88507  2.73563  -0.563235  -1.94253  
0.682711  4.71262  3.94019  2.74252  -0.652804  -1.97009  
0.741859  4.74548  3.99276  2.7491  -0.73824  -1.99638  
0.799099  4.77728  4.04364  2.75546  -0.82092  -2.02182  
0.863016  4.81279  4.10046  2.76256  -0.913246  -2.05023  
0.92121  4.84512  4.15219  2.76902  -0.997304  -2.07609  
0.98322  4.87957  4.20731  2.77591  -1.08687  -2.10365  
1.0376  4.90978  4.25564  2.78196  -1.16542  -2.12782  
1.10152  4.94529  4.31246  2.78906  -1.25775  -2.15623  
1.16448  4.98027  4.36843  2.79605  -1.34869  -2.18421  
1.2284  5.01578  4.42524  2.80316  -1.44102  -2.21262  
1.2761  5.04228  4.46764  2.80846  -1.50992  -2.23382  
1.33906  5.07726  4.52361  2.81545  -1.60087  -2.26181  
1.40298  5.11277  4.58043  2.82255  -1.69319  -2.29021  
1.45545  5.14192  4.62707  2.82838  -1.76898  -2.31353  
1.51364  5.17425  4.67879  2.83485  -1.85304  -2.3394  
1.57947  5.21082  4.73731  2.84216  -1.94812  -2.36865  
1.64148  5.24527  4.79243  2.84905  -2.03769  -2.39621  
1.70253  5.27919  4.8467  2.85584  -2.12588  -2.42335  
1.75405  5.30781  4.89249  2.86156  -2.2003  -2.44624  
1.81701  5.34279  4.94846  2.86856  -2.29124  -2.47423  
1.87807  5.37671  5.00273  2.87534  -2.37943  -2.50136  
1.93531  5.40851  5.05361  2.8817  -2.46211  -2.5268  
1.9935  5.44084  5.10534  2.88817  -2.54617  -2.55267  
2.05647  5.47582  5.1613  2.89516  -2.63712  -2.58065  
2.10989  5.5055  5.20879  2.9011  -2.71429  -2.6044  
2.1948  5.55267  5.28426  2.91053  -2.83693  -2.64213  
2.2301  5.57228  5.31564  2.91446  -2.88792  -2.65782  
2.29306  5.60726  5.37161  2.92145  -2.97886  -2.6858  
2.35698  5.64277  5.42842  2.92855  -3.07119  -2.71421  
2.40849  5.67139  5.47422  2.93428  -3.1456  -2.73711  
2.4686  5.70478  5.52764  2.94096  -3.23242  -2.76382  
2.53061  5.73923  5.58276  2.94785  -3.32199  -2.79138  
2.58594  5.76996  5.63194  2.95399  -3.40191  -2.81597  
2.6489  5.80494  5.68791  2.96099  -3.49286  -2.84396  
2.70614  5.83674  5.73879  2.96735  -3.57554  -2.8694  
2.77006  5.87225  5.79561  2.97445  -3.66786  -2.8978  
2.83398  5.90776  5.85242  2.98155  -3.76019  -2.92621  
2.90525  5.94736  5.91578  2.98947  -3.86314  -2.95789  
2.93891  5.96606  5.9457  2.99321  -3.91176  -2.97285  
2.97648  5.98693  5.97909  2.99739  -3.96602  -2.98955  
2.99643  5.99802  5.99683  2.9996  -3.99485  -2.99841  
2.99993  5.99996  5.99994  2.99999  -3.99989  -2.99997  
2.99992  5.99983  5.99983  2.99992  -3.99989  -2.99992  
2.99726  5.99451  5.99451  2.99726  -3.99634  -2.99726  
2.99087  5.98173  5.98173  2.99087  -3.98782  -2.99087  
2.98164  5.96328  5.96328  2.98164  -3.97552  -2.98164  
2.97108  5.94217  5.94217  2.97108  -3.96144  -2.97108  
2.95921  5.91841  5.91841  2.95921  -3.94561  -2.95921  
2.94733  5.89466  5.89466  2.94733  -3.92977  -2.94733  
2.93508  5.87017  5.87017  2.93508  -3.91345  -2.93508  
2.92284  5.84568  5.84568  2.92284  -3.89712  -2.92284  
2.9137  5.82741  5.82741  2.9137  -3.88494  -2.9137  
2.90256  5.80511  5.80511  2.90256  -3.87008  -2.90256  
2.89104  5.78209  5.78209  2.89104  -3.85473  -2.89104  
2.8799  5.75979  5.75979  2.8799  -3.83986  -2.8799  
2.86765  5.73531  5.73531  2.86765  -3.82354  -2.86765  
2.85651  5.71301  5.71301  2.85651  -3.80868  -2.85651  
2.84463  5.68926  5.68926  2.84463  -3.79284  -2.84463  
2.83385  5.66769  5.66769  2.83385  -3.77846  -2.83385  
2.82197  5.64394  5.64394  2.82197  -3.76263  -2.82197  
2.81046  5.62091  5.62091  2.81046  -3.74728  -2.81046  
2.79785  5.5957  5.5957  2.79785  -3.73046  -2.79785  
2.78853  5.57706  5.57706  2.78853  -3.71804  -2.78853  
2.77665  5.5533  5.5533  2.77665  -3.7022  -2.77665  
2.76441  5.52881  5.52881  2.76441  -3.68588  -2.76441  
2.75216  5.50433  5.50433  2.75216  -3.66955  -2.75216  
2.74248  5.48496  5.48496  2.74248  -3.65664  -2.74248  
2.7306  5.4612  5.4612  2.7306  -3.6408  -2.7306  
2.71964  5.43927  5.43927  2.71964  -3.62618  -2.71964  
2.70721  5.41442  5.41442  2.70721  -3.60961  -2.70721  
2.69716  5.39432  5.39432  2.69716  -3.59621  -2.69716  
2.6851  5.3702  5.3702  2.6851  -3.58013  -2.6851  
2.67377  5.34754  5.34754  2.67377  -3.56502  -2.67377  
2.66299  5.32597  5.32597  2.66299  -3.55065  -2.66299  
2.65129  5.30258  5.30258  2.65129  -3.53506  -2.65129  
2.64014  5.28029  5.28029  2.64014  -3.52019  -2.64014  
2.62717  5.25434  5.25434  2.62717  -3.50289  -2.62717  
2.61694  5.23387  5.23387  2.61694  -3.48925  -2.61694  
2.60561  5.21121  5.21121  2.60561  -3.47414  -2.60561  
2.59336  5.18673  5.18673  2.59336  -3.45782  -2.59336  
2.58167  5.16334  5.16334  2.58167  -3.44222  -2.58167  
2.56997  5.13995  5.13995  2.56997  -3.42663  -2.56997  
2.55974  5.11948  5.11948  2.55974  -3.41299  -2.55974  
2.54804  5.09609  5.09609  2.54804  -3.39739  -2.54804  
2.53745  5.07489  5.07489  2.53745  -3.38326  -2.53745  
2.52228  5.04456  5.04456  2.52228  -3.36304  -2.52228  
2.51405  5.02811  5.02811  2.51405  -3.35207  -2.51405  
2.50218  5.00435  5.00435  2.50218  -3.33624  -2.50218  
2.49103  4.98206  4.98206  2.49103  -3.32137  -2.49103  
2.47933  4.95867  4.95867  2.47933  -3.30578  -2.47933  
