0  0  0  0  0  0  
0  0  0  0  0  0  
0  0  0  0  0  0  
0  0  0  0  0  0  
0  0  0  0  0  0  
0  0  0  0  0  0  
0  0  0  0  0  0  
0  0  0  0  0  0  
0  0  0  0  0  0  
0  0  0  0  0  0  
0  0  0  0  0  0  
0  0  0  0  0  0  
0  0  0  0  0  0  
0  0  0  0  0  0  
0  0  0  0  0  0  
0  0  0  0  0  0  
0  0  0  0  0  0  
0.000585289  -0.000512128  0.000731612  -0.000585289  0.000438967  -0.000219484  
0.00701833  -0.00614104  0.00877292  -0.00701833  0.00526375  -0.00263188  
0.0275338  -0.0240921  0.0344173  -0.0275338  0.0206504  -0.0103252  
0.0618957  -0.0541588  0.0773697  -0.0618957  0.0464218  -0.0232109  
0.108522  -0.094957  0.135653  -0.108522  0.0813917  -0.0406959  
0.158843  -0.138987  0.198553  -0.158843  0.119132  -0.059566  
0.209181  -0.183033  0.261476  -0.209181  0.156886  -0.0784429  
0.2548  -0.22295  0.3185  -0.2548  0.1911  -0.0955501  
0.304352  -0.266308  0.38044  -0.304352  0.228264  -0.114132  
0.35469  -0.310354  0.443363  -0.35469  0.266018  -0.133009  
0.402669  -0.352335  0.503336  -0.402669  0.302002  -0.151001  
0.452221  -0.395693  0.565276  -0.452221  0.339166  -0.169583  
0.5002  -0.437675  0.62525  -0.5002  0.37515  -0.187575  
0.550538  -0.481721  0.688173  -0.550538  0.412904  -0.206452  
0.601663  -0.526455  0.752079  -0.601663  0.451247  -0.225624  
0.650428  -0.569125  0.813035  -0.650428  0.487821  -0.243911  
0.697621  -0.610418  0.872026  -0.697621  0.523215  -0.261608  
0.748745  -0.655152  0.935932  -0.748745  0.561559  -0.28078  
0.79987  -0.699887  0.999838  -0.79987  0.599903  -0.299951  
0.847063  -0.74118  1.05883  -0.847063  0.635297  -0.317648  
0.894255  -0.782473  1.11782  -0.894255  0.670691  -0.335346  
0.94538  -0.827207  1.18172  -0.94538  0.709035  -0.354517  
0.996505  -0.871942  1.24563  -0.996505  0.747378  -0.373689  
1.04527  -0.914611  1.30659  -1.04527  0.783952  -0.391976  
1.09246  -0.955904  1.36558  -1.09246  0.819347  -0.409673  
1.14123  -0.998574  1.42653  -1.14123  0.855921  -0.42796  
1.19314  -1.044  1.49142  -1.19314  0.894854  -0.447427  
1.23954  -1.0846  1.54943  -1.23954  0.929658  -0.464829  
1.2891  -1.12796  1.61137  -1.2891  0.966822  -0.483411  
1.33708  -1.16994  1.67134  -1.33708  1.00281  -0.501403  
1.38663  -1.2133  1.73328  -1.38663  1.03997  -0.519985  
1.43775  -1.25803  1.79719  -1.43775  1.07831  -0.539157  
1.48652  -1.3007  1.85815  -1.48652  1.11489  -0.557444  
1.53528  -1.34337  1.9191  -1.53528  1.15146  -0.575731  
1.58562  -1.38742  1.98203  -1.58562  1.18922  -0.594608  
1.6336  -1.4294  2.042  -1.6336  1.2252  -0.6126  
1.68236  -1.47207  2.10296  -1.68236  1.26177  -0.630887  
1.73113  -1.51474  2.16391  -1.73113  1.29835  -0.649174  
1.78304  -1.56016  2.2288  -1.78304  1.33728  -0.668641  
1.83023  -1.60145  2.28779  -1.83023  1.37268  -0.686338  
1.87664  -1.64206  2.3458  -1.87664  1.40748  -0.70374  
1.92776  -1.68679  2.40971  -1.92776  1.44582  -0.722912  
1.97968  -1.73222  2.47459  -1.97968  1.48476  -0.742378  
2.02372  -1.77076  2.52965  -2.02372  1.51779  -0.758896  
2.07957  -1.81962  2.59946  -2.07957  1.55967  -0.779837  
2.1244  -1.85885  2.6555  -2.1244  1.5933  -0.796649  
2.17238  -1.90083  2.71547  -2.17238  1.62928  -0.814642  
2.22979  -1.95107  2.78724  -2.22979  1.67235  -0.836173  
2.27069  -1.98686  2.83837  -2.27069  1.70302  -0.85151  
2.32103  -2.0309  2.90129  -2.32103  1.74077  -0.870387  
2.37216  -2.07564  2.9652  -2.37216  1.77912  -0.889559  
2.42564  -2.12244  3.03205  -2.42564  1.81923  -0.909616  
2.46812  -2.1596  3.08514  -2.46812  1.85109  -0.925543  
2.51767  -2.20296  3.14708  -2.51767  1.88825  -0.944125  
2.56958  -2.24838  3.21197  -2.56958  1.92718  -0.963592  
2.61913  -2.29174  3.27391  -2.61913  1.96435  -0.982174  
2.66632  -2.33303  3.3329  -2.66632  1.99974  -0.999871  
2.71273  -2.37364  3.39091  -2.71273  2.03455  -1.01727  
2.76621  -2.42044  3.45777  -2.76621  2.07466  -1.03733  
2.81891  -2.46655  3.52364  -2.81891  2.11418  -1.05709  
2.86768  -2.50922  3.5846  -2.86768  2.15076  -1.07538  
2.90936  -2.54569  3.6367  -2.90936  2.18202  -1.09101  
2.96049  -2.59043  3.70061  -2.96049  2.22037  -1.11018  
3.0124  -2.63585  3.7655  -3.0124  2.2593  -1.12965  
3.05959  -2.67714  3.82449  -3.05959  2.29469  -1.14735  
3.10836  -2.71981  3.88545  -3.10836  2.33127  -1.16563  
3.15948  -2.76455  3.94935  -3.15948  2.36961  -1.18481  
3.20825  -2.80722  4.01031  -3.20825  2.40618  -1.20309  
3.26488  -2.85677  4.0811  -3.26488  2.44866  -1.22433  
3.3042  -2.89118  4.13026  -3.3042  2.47815  -1.23908  
3.35612  -2.9366  4.19514  -3.35612  2.51709  -1.25854  
3.40252  -2.97721  4.25315  -3.40252  2.55189  -1.27595  
3.45129  -3.01988  4.31411  -3.45129  2.58846  -1.29423  
3.50162  -3.06392  4.37703  -3.50162  2.62622  -1.31311  
3.55275  -3.10866  4.44094  -3.55275  2.66456  -1.33228  
3.60309  -3.1527  4.50386  -3.60309  2.70232  -1.35116  
3.65185  -3.19537  4.56482  -3.65185  2.73889  -1.36945  
3.69826  -3.23598  4.62282  -3.69826  2.77369  -1.38685  
3.74545  -3.27727  4.68181  -3.74545  2.80909  -1.40454  
3.80287  -3.32751  4.75359  -3.80287  2.85215  -1.42608  
3.84377  -3.3633  4.80471  -3.84377  2.88283  -1.44141  
3.89332  -3.40666  4.86665  -3.89332  2.91999  -1.46  
3.94602  -3.45277  4.93252  -3.94602  2.95951  -1.47976  
3.99872  -3.49888  4.9984  -3.99872  2.99904  -1.49952  
4.06479  -3.55669  5.08098  -4.06479  3.04859  -1.52429  
4.09074  -3.5794  5.11343  -4.09074  3.06806  -1.53403  
4.14344  -3.62551  5.1793  -4.14344  3.10758  -1.55379  
4.19063  -3.6668  5.23829  -4.19063  3.14297  -1.57149  
4.23782  -3.7081  5.29728  -4.23782  3.17837  -1.58918  
4.28895  -3.75283  5.36119  -4.28895  3.21671  -1.60836  
4.33693  -3.79481  5.42116  -4.33693  3.2527  -1.62635  
4.38963  -3.84092  5.48703  -4.38963  3.29222  -1.64611  
4.43918  -3.88428  5.54897  -4.43918  3.32938  -1.66469  
4.48322  -3.92282  5.60403  -4.48322  3.36242  -1.68121  
4.53277  -3.96618  5.66597  -4.53277  3.39958  -1.69979  
4.58075  -4.00816  5.72594  -4.58075  3.43557  -1.71778  
4.63031  -4.05152  5.78788  -4.63031  3.47273  -1.73636  
4.67986  -4.09488  5.84982  -4.67986  3.50989  -1.75495  
4.73256  -4.14099  5.91569  -4.73256  3.54942  -1.77471  
4.78447  -4.18641  5.98058  -4.78447  3.58835  -1.79418  
4.82694  -4.22357  6.03367  -4.82694  3.6202  -1.8101  
4.87806  -4.26831  6.09758  -4.87806  3.65855  -1.82927  
4.92447  -4.30891  6.15559  -4.92447  3.69335  -1.84668  
4.97795  -4.35571  6.22244  -4.97795  3.73347  -1.86673  
5.02436  -4.39632  6.28045  -5.02436  3.76827  -1.88414  
5.0747  -4.44036  6.34337  -5.0747  3.80602  -1.90301  
5.12582  -4.4851  6.40728  -5.12582  3.84437  -1.92218  
5.17223  -4.5257  6.46529  -5.17223  3.87917  -1.93959  
5.22178  -4.56906  6.52723  -5.22178  3.91634  -1.95817  
5.26976  -4.61104  6.5872  -5.26976  3.95232  -1.97616  
5.32246  -4.65715  6.65307  -5.32246  3.99184  -1.99592  
5.37044  -4.69913  6.71305  -5.37044  4.02783  -2.01391  
5.41999  -4.74249  6.77499  -5.41999  4.06499  -2.0325  
5.46718  -4.78378  6.83398  -5.46718  4.10039  -2.05019  
5.51909  -4.82921  6.89887  -5.51909  4.13932  -2.06966  
5.56314  -4.86775  6.95392  -5.56314  4.17235  -2.08618  
5.61505  -4.91317  7.01881  -5.61505  4.21129  -2.10564  
5.6646  -4.95653  7.08075  -5.6646  4.24845  -2.12423  
5.71494  -5.00057  7.14368  -5.71494  4.28621  -2.1431  
5.76292  -5.04255  7.20365  -5.76292  4.32219  -2.16109  
5.81011  -5.08385  7.26264  -5.81011  4.35758  -2.17879  
5.85809  -5.12583  7.32261  -5.85809  4.39357  -2.19678  
5.91236  -5.17332  7.39045  -5.91236  4.43427  -2.21714  
5.95641  -5.21186  7.44551  -5.95641  4.46731  -2.23365  
6.00753  -5.25659  7.50941  -6.00753  4.50565  -2.25282  
6.0563  -5.29926  7.57037  -6.0563  4.54222  -2.27111  
6.10585  -5.34262  7.63231  -6.10585  4.57939  -2.28969  
6.15697  -5.38735  7.69622  -6.15697  4.61773  -2.30887  
6.20495  -5.42933  7.75619  -6.20495  4.65371  -2.32686  
6.25372  -5.472  7.81715  -6.25372  4.69029  -2.34514  
6.30248  -5.51467  7.8781  -6.30248  4.72686  -2.36343  
6.35125  -5.55734  7.93906  -6.35125  4.76344  -2.38172  
6.40395  -5.60345  8.00493  -6.40395  4.80296  -2.40148  
6.45114  -5.64475  8.06392  -6.45114  4.83835  -2.41918  
6.49833  -5.68604  8.12291  -6.49833  4.87375  -2.43687  
6.55496  -5.73559  8.1937  -6.55496  4.91622  -2.45811  
6.60215  -5.77688  8.25269  -6.60215  4.95162  -2.47581  
6.64777  -5.8168  8.30972  -6.64777  4.98583  -2.49291  
6.6989  -5.86154  8.37362  -6.6989  5.02417  -2.51209  
6.7516  -5.90765  8.43949  -6.7516  5.0637  -2.53185  
6.79486  -5.9455  8.49357  -6.79486  5.09614  -2.54807  
6.84441  -5.98886  8.55551  -6.84441  5.13331  -2.56665  
6.89632  -6.03428  8.6204  -6.89632  5.17224  -2.58612  
6.94666  -6.07832  8.68332  -6.94666  5.20999  -2.605  
6.98992  -6.11618  8.7374  -6.98992  5.24244  -2.62122  
7.04104  -6.16091  8.8013  -7.04104  5.28078  -2.64039  
7.09217  -6.20565  8.86521  -7.09217  5.31912  -2.65956  
7.14329  -6.25038  8.92911  -7.14329  5.35747  -2.67873  
7.19756  -6.29787  8.99695  -7.19756  5.39817  -2.69909  
7.2361  -6.33159  9.04513  -7.2361  5.42708  -2.71354  
7.28487  -6.37426  9.10608  -7.28487  5.46365  -2.73183  
7.33442  -6.41762  9.16802  -7.33442  5.50081  -2.75041  
7.38476  -6.46166  9.23095  -7.38476  5.53857  -2.76928  
7.43431  -6.50502  9.29289  -7.43431  5.57573  -2.78787  
7.48543  -6.54976  9.35679  -7.48543  5.61408  -2.80704  
7.53341  -6.59174  9.41677  -7.53341  5.65006  -2.82503  
7.58611  -6.63785  9.48264  -7.58611  5.68958  -2.84479  
7.63016  -6.67639  9.5377  -7.63016  5.72262  -2.86131  
7.67971  -6.71975  9.59964  -7.67971  5.75978  -2.87989  
7.72926  -6.7631  9.66158  -7.72926  5.79695  -2.89847  
7.77724  -6.80509  9.72155  -7.77724  5.83293  -2.91647  
7.82758  -6.84913  9.78447  -7.82758  5.87068  -2.93534  
7.8787  -6.89387  9.84838  -7.8787  5.90903  -2.95451  
7.92894  -6.93783  9.91118  -7.92894  5.94671  -2.97335  
7.9657  -6.96999  9.95712  -7.9657  5.97427  -2.98714  
7.98805  -6.98955  9.98506  -7.98805  5.99104  -2.99552  
7.99886  -6.999  9.99857  -7.99886  5.99914  -2.99957  
7.99021  -7.02221  9.99358  -7.99697  5.99761  -2.99902  
8.00043  -6.99989  9.99935  -7.99935  5.99903  -2.99968  
8.00441  -6.9989  9.99338  -7.99338  5.99008  -2.99669  
8.01569  -6.99608  9.97646  -7.97646  5.9647  -2.98823  
8.03175  -6.99206  9.95237  -7.95237  5.92856  -2.97619  
8.05302  -6.98675  9.92047  -7.92047  5.88071  -2.96024  
8.07758  -6.98061  9.88364  -7.88364  5.82545  -2.94182  
8.09929  -6.97518  9.85107  -7.85107  5.7766  -2.92553  
8.12349  -6.96913  9.81476  -7.81476  5.72214  -2.90738  
8.14236  -6.96441  9.78646  -7.78646  5.6797  -2.89323  
8.16478  -6.9588  9.75283  -7.75283  5.62924  -2.87641  
8.18863  -6.95284  9.71706  -7.71706  5.57559  -2.85853  
8.20927  -6.94768  9.68609  -7.68609  5.52914  -2.84305  
8.2317  -6.94208  9.65246  -7.65246  5.47868  -2.82623  
8.25448  -6.93638  9.61829  -7.61829  5.42743  -2.80914  
8.27654  -6.93086  9.58518  -7.58518  5.37778  -2.79259  
8.29861  -6.92535  9.55208  -7.55208  5.32812  -2.77604  
8.32068  -6.91983  9.51898  -7.51898  5.27847  -2.75949  
8.34346  -6.91414  9.48481  -7.48481  5.22722  -2.74241  
8.36624  -6.90844  9.45064  -7.45064  5.17596  -2.72532  
8.38795  -6.90301  9.41807  -7.41807  5.12711  -2.70904  
8.40931  -6.89767  9.38604  -7.38604  5.07906  -2.69302  
8.43138  -6.89216  9.35294  -7.35294  5.0294  -2.67647  
8.45522  -6.88619  9.31717  -7.31717  4.97575  -2.65858  
8.47658  -6.88086  9.28513  -7.28513  4.9277  -2.64257  
8.49865  -6.87534  9.25203  -7.25203  4.87804  -2.62601  
8.52036  -6.86991  9.21946  -7.21946  4.82919  -2.60973  
8.54243  -6.86439  9.18636  -7.18636  4.77954  -2.59318  
8.56805  -6.85799  9.14792  -7.14792  4.72188  -2.57396  
8.58763  -6.85309  9.11855  -7.11855  4.67783  -2.55928  
8.6097  -6.84758  9.08545  -7.08545  4.62818  -2.54273  
8.63355  -6.84161  9.04968  -7.04968  4.57452  -2.52484  
8.65348  -6.83663  9.01978  -7.01978  4.52967  -2.50989  
8.6759  -6.83102  8.98615  -6.98615  4.47922  -2.49307  
8.69904  -6.82524  8.95144  -6.95144  4.42716  -2.47572  
8.72075  -6.81981  8.91887  -6.91887  4.37831  -2.45944  
8.74531  -6.81367  8.88204  -6.88204  4.32305  -2.44102  
8.76845  -6.80789  8.84733  -6.84733  4.271  -2.42367  
8.7866  -6.80335  8.8201  -6.8201  4.23015  -2.41005  
8.80938  -6.79766  8.78593  -6.78593  4.1789  -2.39297  
8.83323  -6.79169  8.75016  -6.75016  4.12524  -2.37508  
8.85423  -6.78644  8.71866  -6.71866  4.07799  -2.35933  
8.87701  -6.78075  8.68449  -6.68449  4.02674  -2.34225  
8.9005  -6.77488  8.64925  -6.64925  3.97388  -2.32463  
8.92079  -6.7698  8.61882  -6.61882  3.92823  -2.30941  
8.94357  -6.76411  8.58465  -6.58465  3.87698  -2.29233  
8.96528  -6.75868  8.55208  -6.55208  3.82813  -2.27604  
8.98948  -6.75263  8.51578  -6.51578  3.77367  -2.25789  
9.01333  -6.74667  8.48001  -6.48001  3.72001  -2.24  
9.03184  -6.74204  8.45224  -6.45224  3.67837  -2.22612  
9.05426  -6.73643  8.41861  -6.41861  3.62791  -2.2093  
9.07669  -6.73083  8.38497  -6.38497  3.57746  -2.19249  
9.09911  -6.72522  8.35134  -6.35134  3.527  -2.17567  
9.12118  -6.71971  8.31823  -6.31823  3.47735  -2.15912  
9.14431  -6.71392  8.28353  -6.28353  3.4253  -2.14177  
9.16531  -6.70867  8.25203  -6.25203  3.37805  -2.12602  
9.18738  -6.70315  8.21893  -6.21893  3.32839  -2.10946  
9.21087  -6.69728  8.18369  -6.18369  3.27554  -2.09185  
9.23294  -6.69176  8.15059  -6.15059  3.22588  -2.07529  
9.25608  -6.68598  8.11589  -6.11589  3.17383  -2.05794  
9.27992  -6.68002  8.08011  -6.08011  3.12017  -2.04006  
9.2995  -6.67512  8.05075  -6.05075  3.07612  -2.02537  
9.32192  -6.66952  8.01711  -6.01711  3.02567  -2.00856  
9.34399  -6.664  7.98401  -5.98401  2.97602  -1.99201  
9.36855  -6.65786  7.94717  -5.94717  2.92076  -1.97359  
9.39026  -6.65243  7.9146  -5.9146  2.87191  -1.9573  
9.41091  -6.64727  7.88364  -5.88364  2.82546  -1.94182  
9.4344  -6.6414  7.8484  -5.8484  2.7726  -1.9242  
9.45789  -6.63553  7.81316  -5.81316  2.71975  -1.90658  
9.47747  -6.63063  7.7838  -5.7838  2.6757  -1.8919  
9.49918  -6.62521  7.75123  -5.75123  2.62685  -1.87562  
9.5216  -6.6196  7.71759  -5.71759  2.57639  -1.8588  
9.54616  -6.61346  7.68076  -5.68076  2.52113  -1.84038  
9.5661  -6.60848  7.65086  -5.65086  2.47629  -1.82543  
9.58923  -6.60269  7.61615  -5.61615  2.42423  -1.80808  
9.61201  -6.597  7.58198  -5.58198  2.37298  -1.79099  
9.63621  -6.59095  7.54568  -5.54568  2.31852  -1.77284  
9.65508  -6.58623  7.51738  -5.51738  2.27607  -1.75869  
9.67786  -6.58054  7.48321  -5.48321  2.22482  -1.74161  
9.69921  -6.5752  7.45118  -5.45118  2.17677  -1.72559  
9.72235  -6.56941  7.41647  -5.41647  2.12471  -1.70824  
9.74905  -6.56274  7.37643  -5.37643  2.06465  -1.68822  
9.76684  -6.55829  7.34974  -5.34974  2.0246  -1.67487  
9.78855  -6.55286  7.31717  -5.31717  1.97575  -1.65858  
9.81418  -6.54645  7.27873  -5.27873  1.91809  -1.63936  
9.83305  -6.54174  7.25043  -5.25043  1.87565  -1.62522  
9.85511  -6.53622  7.21733  -5.21733  1.82599  -1.60866  
9.87789  -6.53053  7.18316  -5.18316  1.77474  -1.59158  
9.90032  -6.52492  7.14952  -5.14952  1.72428  -1.57476  
9.92274  -6.51931  7.11589  -5.11589  1.67383  -1.55794  
9.9441  -6.51398  7.08385  -5.08385  1.62578  -1.54193  
9.96723  -6.50819  7.04915  -5.04915  1.57372  -1.52457  
9.99179  -6.50205  7.01231  -5.01231  1.51847  -1.50616  
10.011  -6.49725  6.98348  -4.98348  1.47522  -1.49174  
10.0334  -6.49164  6.94984  -4.94984  1.42477  -1.47492  
10.063  -6.48426  6.90553  -4.90553  1.3583  -1.45277  
10.0786  -6.48034  6.88204  -4.88204  1.32306  -1.44102  
10.1004  -6.47491  6.84947  -4.84947  1.27421  -1.42474  
10.1228  -6.46931  6.81583  -4.81583  1.22375  -1.40792  
10.1459  -6.46352  6.78113  -4.78113  1.1717  -1.39057  
10.169  -6.45774  6.74643  -4.74643  1.11964  -1.37321  
10.1904  -6.4524  6.71439  -4.71439  1.07159  -1.3572  
10.2114  -6.44715  6.68289  -4.68289  1.02434  -1.34145  
10.2349  -6.44128  6.64766  -4.64766  0.971483  -1.32383  
10.2563  -6.43594  6.61562  -4.61562  0.923432  -1.30781  
10.2783  -6.43042  6.58252  -4.58252  0.873779  -1.29126  
10.3007  -6.42481  6.54888  -4.54888  0.823325  -1.27444  
10.3239  -6.41903  6.51418  -4.51418  0.77127  -1.25709  
10.3477  -6.41307  6.47841  -4.47841  0.717613  -1.2392  
10.3669  -6.40826  6.44958  -4.44958  0.674367  -1.22479  
10.3897  -6.40257  6.41541  -4.41541  0.623112  -1.2077  
10.4118  -6.39705  6.38231  -4.38231  0.573459  -1.19115  
10.4339  -6.39153  6.3492  -4.3492  0.523806  -1.1746  
10.4577  -6.38557  6.31343  -4.31343  0.470149  -1.15672  
10.478  -6.3805  6.283  -4.283  0.424501  -1.1415  
10.5018  -6.37454  6.24723  -4.24723  0.370844  -1.12361  
10.5261  -6.36849  6.21092  -4.21092  0.316386  -1.10546  
10.5453  -6.36368  6.18209  -4.18209  0.273139  -1.09105  
10.567  -6.35825  6.14952  -4.14952  0.224287  -1.07476  
10.5898  -6.35256  6.11536  -4.11536  0.173033  -1.05768  
10.6115  -6.34713  6.08279  -4.08279  0.124181  -1.04139  
10.6339  -6.34153  6.04915  -4.04915  0.0737271  -1.02458  
10.6567  -6.33583  6.01498  -4.01498  0.0224725  -1.00749  
10.6798  -6.33005  5.98028  -3.98028  -0.0295829  -0.990139  
10.7001  -6.32497  5.94985  -3.94985  -0.0752315  -0.974923  
10.7275  -6.31812  5.90874  -3.90874  -0.136897  -0.954368  
10.7453  -6.31367  5.88204  -3.88204  -0.17694  -0.94102  
10.7688  -6.3078  5.8468  -3.8468  -0.229796  -0.923401  
10.7926  -6.30184  5.81103  -3.81103  -0.283453  -0.905516  
10.8136  -6.29659  5.77953  -3.77953  -0.330704  -0.889765  
10.835  -6.29125  5.7475  -3.7475  -0.378755  -0.873748  
10.8581  -6.28547  5.71279  -3.71279  -0.43081  -0.856397  
10.8795  -6.28013  5.68076  -3.68076  -0.478861  -0.84038  
10.9026  -6.27434  5.64606  -3.64606  -0.530917  -0.823028  
10.9229  -6.26927  5.61562  -3.61562  -0.576565  -0.807812  
10.9464  -6.2634  5.58039  -3.58039  -0.629422  -0.790193  
10.9692  -6.2577  5.54622  -3.54622  -0.680676  -0.773108  
10.9902  -6.25245  5.51472  -3.51472  -0.727927  -0.757358  
11.0123  -6.24694  5.48161  -3.48161  -0.77758  -0.740807  
11.0361  -6.24097  5.44584  -3.44584  -0.831237  -0.722921  
11.06  -6.23501  5.41007  -3.41007  -0.884894  -0.705035  
11.0785  -6.23038  5.38231  -3.38231  -0.926538  -0.691154  
11.102  -6.22451  5.34707  -3.34707  -0.979394  -0.673535  
11.1233  -6.21917  5.31504  -3.31504  -1.02745  -0.657518  
11.1468  -6.2133  5.2798  -3.2798  -1.0803  -0.639899  
11.1724  -6.20689  5.24136  -3.24136  -1.13796  -0.620679  
11.1906  -6.20235  5.21413  -3.21413  -1.17881  -0.607064  
11.2137  -6.19657  5.17943  -3.17943  -1.23086  -0.589713  
11.2354  -6.19114  5.14686  -3.14686  -1.27971  -0.573429  
11.2571  -6.18571  5.11429  -3.11429  -1.32857  -0.557145  
11.2789  -6.18029  5.08172  -3.08172  -1.37742  -0.540861  
11.3031  -6.17424  5.04542  -3.04542  -1.43188  -0.522708  
11.3233  -6.16916  5.01498  -3.01498  -1.47752  -0.507492  
11.3465  -6.16338  4.98028  -2.98028  -1.52958  -0.49014  
11.3678  -6.15804  4.94825  -2.94825  -1.57763  -0.474123  
11.3903  -6.15243  4.91461  -2.91461  -1.62809  -0.457305  
11.4159  -6.14603  4.87617  -2.87617  -1.68575  -0.438084  
11.4344  -6.1414  4.84841  -2.84841  -1.72739  -0.424203  
11.4575  -6.13562  4.8137  -2.8137  -1.77945  -0.406851  
11.4789  -6.13028  4.78167  -2.78167  -1.8275  -0.390834  
11.502  -6.12449  4.74696  -2.74696  -1.87955  -0.373482  
11.5237  -6.11907  4.7144  -2.7144  -1.92841  -0.357198  
11.5462  -6.11346  4.68076  -2.68076  -1.97886  -0.34038  
11.57  -6.1075  4.64499  -2.64499  -2.03252  -0.322495  
11.5928  -6.1018  4.61082  -2.61082  -2.08377  -0.30541  
11.6127  -6.09682  4.58092  -2.58092  -2.12862  -0.290461  
11.6344  -6.09139  4.54835  -2.54835  -2.17747  -0.274177  
11.6593  -6.08516  4.51098  -2.51098  -2.23353  -0.25549  
11.6828  -6.07929  4.47574  -2.47574  -2.28639  -0.237871  
11.7017  -6.07457  4.44745  -2.44745  -2.32883  -0.223723  
11.7234  -6.06915  4.41488  -2.41488  -2.37768  -0.207439  
11.7476  -6.0631  4.37857  -2.37857  -2.43214  -0.189286  
11.7708  -6.05731  4.34387  -2.34387  -2.4842  -0.171934  
11.7914  -6.05215  4.3129  -2.3129  -2.53065  -0.156451  
11.8131  -6.04672  4.28033  -2.28033  -2.5795  -0.140167  
11.8355  -6.04112  4.2467  -2.2467  -2.62995  -0.123349  
11.8569  -6.03578  4.21466  -2.21466  -2.678  -0.107332  
11.8797  -6.03008  4.18049  -2.18049  -2.72926  -0.0902473  
11.9021  -6.02448  4.14686  -2.14686  -2.77971  -0.0734294  
11.9259  -6.01851  4.11109  -2.11109  -2.83337  -0.0555437  
11.9498  -6.01255  4.07532  -2.07532  -2.88702  -0.0376609  
11.9682  -6.00795  4.04768  -2.04768  -2.92848  -0.0238408  
11.9847  -6.00382  4.02289  -2.02289  -2.96566  -0.0114474  
11.9955  -6.00113  4.00681  -2.00681  -2.98979  -0.00340369  
11.9998  -6.00006  4.00037  -2.00037  -2.99944  -0.000187158  
12  -6  4  -2  -3  9.79539e-07  
11.997  -6.00108  4.00054  -1.99785  -2.99919  0.00215205  
11.9742  -6.00937  4.00469  -1.98125  -2.99297  0.0187497  
11.9356  -6.02343  4.01172  -1.95313  -2.98242  0.0468689  
11.8675  -6.04817  4.02409  -1.90365  -2.96387  0.0963484  
11.7901  -6.07634  4.03817  -1.84731  -2.94274  0.152686  
11.7092  -6.10574  4.05287  -1.78853  -2.9207  0.211471  
11.6296  -6.13468  4.06734  -1.73065  -2.89899  0.269351  
11.5525  -6.16271  4.08136  -1.67458  -2.87797  0.325423  
11.4767  -6.19029  4.09515  -1.61941  -2.85728  0.38059  
11.3971  -6.21923  4.10962  -1.56153  -2.83557  0.43847  
11.325  -6.24546  4.12273  -1.50908  -2.8159  0.490924  
11.2491  -6.27305  4.13652  -1.45391  -2.79522  0.546091  
11.1683  -6.30244  4.15122  -1.39512  -2.77317  0.604876  
11.0812  -6.33409  4.16705  -1.33182  -2.74943  0.668182  
11.0042  -6.36213  4.18106  -1.27575  -2.7284  0.724254  
10.9345  -6.38745  4.19372  -1.2251  -2.70941  0.774899  
10.8574  -6.41549  4.20774  -1.16903  -2.68839  0.83097  
10.7753  -6.44533  4.22266  -1.10934  -2.666  0.890659  
10.6908  -6.47608  4.23804  -1.04784  -2.64294  0.952157  
10.6224  -6.50095  4.25047  -0.998102  -2.62429  1.0019  
10.5503  -6.52718  4.26359  -0.945648  -2.60462  1.05435  
10.4707  -6.55612  4.27806  -0.887768  -2.58291  1.11223  
10.3899  -6.58551  4.29275  -0.828983  -2.56087  1.17102  
10.309  -6.6149  4.30745  -0.770199  -2.53882  1.2298  
10.2357  -6.64158  4.32079  -0.71684  -2.51882  1.28316  
10.1536  -6.67142  4.33571  -0.657151  -2.49643  1.34285  
10.069  -6.70217  4.35109  -0.595654  -2.47337  1.40435  
10.0068  -6.72478  4.36239  -0.550435  -2.45641  1.44957  
9.92478  -6.75463  4.37731  -0.490746  -2.43403  1.50925  
9.85141  -6.78131  4.39065  -0.437387  -2.41402  1.56261  
9.75939  -6.81477  4.40738  -0.370463  -2.38892  1.62954  
9.69099  -6.83964  4.41982  -0.320723  -2.37027  1.67928  
9.61514  -6.86722  4.43361  -0.265556  -2.34958  1.73444  
9.5368  -6.89571  4.44786  -0.20858  -2.32822  1.79142  
9.45846  -6.9242  4.4621  -0.151604  -2.30685  1.8484  
9.38136  -6.95223  4.47612  -0.0955323  -2.28582  1.90447  
9.30302  -6.98072  4.49036  -0.0385565  -2.26446  1.96144  
9.2197  -7.01102  4.50551  0.0220369  -2.24174  2.02204  
9.14509  -7.03815  4.51907  0.0762996  -2.22139  2.0763  
9.07172  -7.06483  4.53241  0.129658  -2.20138  2.12966  
8.99089  -7.09422  4.54711  0.188443  -2.17933  2.18844  
8.91379  -7.12226  4.56113  0.244514  -2.15831  2.24451  
8.83421  -7.1512  4.5756  0.302394  -2.1366  2.30239  
8.75835  -7.17878  4.58939  0.357561  -2.11591  2.35756  
8.68125  -7.20682  4.60341  0.413633  -2.09489  2.41363  
8.5967  -7.23757  4.61878  0.475131  -2.07183  2.47513  
8.51835  -7.26605  4.63303  0.532106  -2.05046  2.53211  
8.44747  -7.29183  4.64591  0.583656  -2.03113  2.58366  
8.36664  -7.32122  4.66061  0.642441  -2.00908  2.64244  
8.29328  -7.3479  4.67395  0.695799  -1.98908  2.6958  
8.21618  -7.37594  4.68797  0.75187  -1.96805  2.75187  
8.13659  -7.40488  4.70244  0.809751  -1.94634  2.80975  
8.05949  -7.43291  4.71646  0.865822  -1.92532  2.86582  
7.98115  -7.4614  4.7307  0.922798  -1.90395  2.9228  
7.89286  -7.4935  4.74675  0.987009  -1.87987  2.98701  
7.82571  -7.51792  4.75896  1.03585  -1.86156  3.03585  
7.74737  -7.54641  4.77321  1.09282  -1.84019  3.09282  
7.66654  -7.5758  4.7879  1.15161  -1.81815  3.15161  
7.58944  -7.60384  4.80192  1.20768  -1.79712  3.20768  
7.51359  -7.63142  4.81571  1.26284  -1.77643  3.26284  
7.43649  -7.65946  4.82973  1.31892  -1.75541  3.31892  
7.35939  -7.68749  4.84375  1.37499  -1.73438  3.37499  
7.27235  -7.71915  4.85957  1.43829  -1.71064  3.43829  
7.2052  -7.74357  4.87178  1.48713  -1.69233  3.48713  
7.12561  -7.77251  4.88625  1.54501  -1.67062  3.54501  
7.05349  -7.79873  4.89937  1.59746  -1.65095  3.59746  
6.96893  -7.82948  4.91474  1.65896  -1.62789  3.65896  
6.87815  -7.86249  4.93125  1.72498  -1.60313  3.72498  
6.81597  -7.8851  4.94255  1.7702  -1.58617  3.7702  
6.73141  -7.91585  4.95792  1.8317  -1.56311  3.8317  
6.65059  -7.94524  4.97262  1.89048  -1.54107  3.89048  
6.58468  -7.96921  4.9846  1.93842  -1.52309  3.93842  
6.50509  -7.99815  4.99907  1.9963  -1.50139  3.9963  
6.42426  -8.02754  5.01377  2.05508  -1.47934  4.05508  
6.33971  -8.05829  5.02914  2.11658  -1.45628  4.11658  
6.26882  -8.08406  5.04203  2.16813  -1.43695  4.16813  
6.19173  -8.1121  5.05605  2.2242  -1.41593  4.2242  
6.10965  -8.14194  5.07097  2.28389  -1.39354  4.28389  
6.03753  -8.16817  5.08409  2.33634  -1.37387  4.33634  
5.96292  -8.1953  5.09765  2.3906  -1.35352  4.3906  
5.87214  -8.22831  5.11416  2.45662  -1.32877  4.45662  
5.80126  -8.25409  5.12704  2.50817  -1.30943  4.50817  
5.71795  -8.28438  5.14219  2.56877  -1.28671  4.56877  
5.64955  -8.30925  5.15463  2.61851  -1.26806  4.61851  
5.57245  -8.33729  5.16864  2.67458  -1.24703  4.67458  
5.4966  -8.36487  5.18244  2.72975  -1.22635  4.72975  
5.40831  -8.39698  5.19849  2.79396  -1.20227  4.79396  
5.32872  -8.42592  5.21296  2.85184  -1.18056  4.85184  
5.26033  -8.45079  5.22539  2.90158  -1.16191  4.90158  
5.18199  -8.47928  5.23964  2.95855  -1.14054  4.95855  
5.09494  -8.51093  5.25547  3.02186  -1.1168  5.02186  
5.01287  -8.54077  5.27039  3.08155  -1.09442  5.08155  
4.95069  -8.56338  5.28169  3.12677  -1.07746  5.12677  
4.86862  -8.59323  5.29661  3.18646  -1.05508  5.18646  
4.78406  -8.62398  5.31199  3.24796  -1.03202  5.24796  
4.7194  -8.64749  5.32375  3.29498  -1.01438  5.29498  
4.63981  -8.67643  5.33822  3.35286  -0.992676  5.35286  
4.55525  -8.70718  5.35359  3.41436  -0.969615  5.41436  
4.47318  -8.73703  5.36851  3.47405  -0.947231  5.47405  
4.39111  -8.76687  5.38343  3.53374  -0.924848  5.53374  
4.32645  -8.79038  5.39519  3.58077  -0.907212  5.58077  
4.24686  -8.81932  5.40966  3.63865  -0.885507  5.63865  
4.16106  -8.85052  5.42526  3.70105  -0.862107  5.70105  
4.09639  -8.87404  5.43702  3.74808  -0.844471  5.74808  
4.01432  -8.90388  5.45194  3.80777  -0.822088  5.80777  
3.93722  -8.93192  5.46596  3.86384  -0.801061  5.86384  
3.85142  -8.96312  5.48156  3.92624  -0.77766  5.92624  
3.78427  -8.98754  5.49377  3.97508  -0.759347  5.97508  
3.70593  -9.01603  5.50801  4.03205  -0.737981  6.03205  
3.62261  -9.04632  5.52316  4.09265  -0.715258  6.09265  
3.55049  -9.07255  5.53627  4.1451  -0.695588  6.1451  
3.47463  -9.10013  5.55007  4.20027  -0.6749  6.20027  
3.39754  -9.12817  5.56408  4.25634  -0.653873  6.25634  
3.32044  -9.1562  5.5781  4.31241  -0.632847  6.31241  
3.24085  -9.18514  5.59257  4.37029  -0.611142  6.37029  
3.16375  -9.21318  5.60659  4.42636  -0.590115  6.42636  
3.08541  -9.24167  5.62083  4.48334  -0.568749  6.48334  
3.00334  -9.27151  5.63576  4.54303  -0.546365  6.54303  
2.9337  -9.29684  5.64842  4.59367  -0.527373  6.59367  
2.83795  -9.33165  5.66583  4.66331  -0.50126  6.66331  
2.77329  -9.35517  5.67758  4.71034  -0.483624  6.71034  
2.69246  -9.38456  5.69228  4.76912  -0.46158  6.76912  
2.61163  -9.41395  5.70698  4.8279  -0.439536  6.8279  
2.52831  -9.44425  5.72212  4.8885  -0.416813  6.8885  
2.46241  -9.46822  5.73411  4.93643  -0.398839  6.93643  
2.38034  -9.49806  5.74903  4.99612  -0.376455  6.99612  
2.29826  -9.5279  5.76395  5.05581  -0.354072  7.05581  
2.23111  -9.55232  5.77616  5.10464  -0.335758  7.10464  
2.14904  -9.58217  5.79108  5.16433  -0.313375  7.16433  
2.0707  -9.61065  5.80533  5.22131  -0.292009  7.22131  
1.99858  -9.63688  5.81844  5.27376  -0.272339  7.27376  
1.9078  -9.66989  5.83495  5.33978  -0.247581  7.33978  
1.84189  -9.69386  5.84693  5.38772  -0.229607  7.38772  
1.75858  -9.72415  5.86208  5.44831  -0.206884  7.44831  
1.68769  -9.74993  5.87496  5.49986  -0.187553  7.49986  
1.60562  -9.77977  5.88989  5.55955  -0.16517  7.55955  
1.52977  -9.80736  5.90368  5.61471  -0.144482  7.61471  
1.45018  -9.8363  5.91815  5.67259  -0.122777  7.67259  
1.37184  -9.86479  5.93239  5.72957  -0.101411  7.72957  
1.29972  -9.89101  5.94551  5.78202  -0.0817409  7.78202  
1.22013  -9.91995  5.95998  5.8399  -0.0600358  7.8399  
1.13746  -9.95001  5.97501  5.90003  -0.0374896  7.90003  
1.06637  -9.97587  5.98793  5.95173  -0.0181004  7.95173  
1.02864  -9.98958  5.99479  5.97917  -0.0078118  7.97917  
1.00477  -9.99827  5.99913  5.99653  -0.00129981  7.99653  
1.00003  -9.99999  5.99999  5.99998  -8.40087e-06  7.99998  
0.999432  -9.99911  5.99935  5.99968  0.000730632  7.99943  
0.993664  -9.99004  5.99276  5.99638  0.00814566  7.99366  
0.976154  -9.96253  5.97275  5.98637  0.0306593  7.97615  
0.94668  -9.91621  5.93906  5.96953  0.068554  7.94668  
0.901502  -9.84522  5.88743  5.94372  0.12664  7.9015  
0.855925  -9.7736  5.83534  5.91767  0.185239  7.85593  
0.822412  -9.72093  5.79704  5.89852  0.228328  7.82241  
0.782866  -9.65879  5.75185  5.87592  0.279172  7.78287  
0.735948  -9.58506  5.69823  5.84911  0.339496  7.73595  
0.697743  -9.52502  5.65456  5.82728  0.388617  7.69774  
0.655516  -9.45867  5.6063  5.80315  0.442908  7.65552  
0.609938  -9.38705  5.55421  5.77711  0.501509  7.60994  
0.569722  -9.32385  5.50825  5.75413  0.553215  7.56972  
0.530846  -9.26276  5.46382  5.73191  0.603197  7.53085  
0.487279  -9.1943  5.41403  5.70702  0.659212  7.48728  
0.443042  -9.12478  5.36348  5.68174  0.716089  7.44304  
0.398804  -9.05526  5.31292  5.65646  0.772966  7.3988  
0.36194  -8.99733  5.27079  5.63539  0.820363  7.36194  
0.319713  -8.93098  5.22253  5.61126  0.874655  7.31971  
0.274805  -8.86041  5.17121  5.5856  0.932394  7.27481  
0.230568  -8.79089  5.12065  5.56032  0.98927  7.23057  
0.193033  -8.73191  5.07775  5.53888  1.03753  7.19303  
0.152146  -8.66766  5.03102  5.51551  1.0901  7.15215  
0.107909  -8.59814  4.98047  5.49023  1.14697  7.10791  
0.067693  -8.53495  4.93451  5.46725  1.19868  7.06769  
0.0261366  -8.46964  4.88701  5.44351  1.25211  7.02614  
-0.0160901  -8.40329  4.83875  5.41938  1.3064  6.98391  
-0.0583169  -8.33693  4.7905  5.39525  1.36069  6.94168  
-0.0985328  -8.27373  4.74453  5.37227  1.4124  6.90147  
-0.139419  -8.20948  4.69781  5.3489  1.46497  6.86058  
-0.181646  -8.14313  4.64955  5.32477  1.51926  6.81835  
-0.223872  -8.07677  4.60129  5.30064  1.57355  6.77613  
-0.265429  -8.01147  4.5538  5.2769  1.62698  6.73457  
-0.317039  -7.93037  4.49481  5.24741  1.69334  6.68296  
-0.349882  -7.87876  4.45728  5.22864  1.73556  6.65012  
-0.392109  -7.8124  4.40902  5.20451  1.78985  6.60789  
-0.437017  -7.74183  4.3577  5.17885  1.84759  6.56298  
-0.475892  -7.68074  4.31327  5.15663  1.89758  6.52411  
-0.518119  -7.61438  4.26501  5.1325  1.95187  6.48188  
-0.561016  -7.54697  4.21598  5.10799  2.00702  6.43898  
-0.601232  -7.48378  4.17002  5.08501  2.05873  6.39877  
-0.652172  -7.40373  4.1118  5.0559  2.12422  6.34783  
-0.686356  -7.35001  4.07274  5.03637  2.16817  6.31364  
-0.730593  -7.2805  4.02218  5.01109  2.22505  6.26941  
-0.77416  -7.21203  3.97239  4.98619  2.28106  6.22584  
-0.812365  -7.152  3.92873  4.96436  2.33018  6.18763  
-0.852581  -7.0888  3.88276  4.94138  2.38189  6.14742  
-0.896819  -7.01928  3.83221  4.9161  2.43877  6.10318  
-0.941727  -6.94872  3.78088  4.89044  2.49651  6.05827  
-0.981943  -6.88552  3.73492  4.86746  2.54821  6.01806  
-1.02149  -6.82338  3.68973  4.84486  2.59906  5.97851  
-1.06371  -6.75702  3.64147  4.82073  2.65335  5.93629  
-1.10527  -6.69172  3.59398  4.79699  2.70678  5.89473  
-1.14482  -6.62957  3.54878  4.77439  2.75762  5.85518  
-1.18771  -6.56216  3.49976  4.74988  2.81278  5.81229  
-1.23262  -6.49159  3.44843  4.72422  2.87051  5.76738  
-1.27418  -6.42629  3.40094  4.70047  2.92394  5.72582  
-1.31305  -6.3652  3.35651  4.67826  2.97393  5.68695  
-1.35595  -6.29779  3.30748  4.65374  3.02908  5.64405  
-1.39885  -6.23038  3.25846  4.62923  3.08423  5.60115  
-1.44376  -6.15981  3.20714  4.60357  3.14197  5.55624  
-1.47995  -6.10294  3.16577  4.58289  3.18851  5.52005  
-1.52352  -6.03447  3.11598  4.55799  3.24452  5.47648  
-1.56775  -5.96496  3.06542  4.53271  3.3014  5.43225  
-1.6073  -5.90281  3.02023  4.51011  3.35224  5.3927  
-1.64886  -5.83751  2.97274  4.48637  3.40567  5.35114  
-1.69175  -5.7701  2.92371  4.46186  3.46083  5.30825  
-1.73465  -5.70269  2.87468  4.43734  3.51598  5.26535  
-1.78023  -5.63107  2.8226  4.4113  3.57458  5.21977  
-1.82447  -5.56155  2.77204  4.38602  3.63146  5.17553  
-1.85865  -5.50784  2.73297  4.36649  3.67541  5.14135  
-1.90088  -5.44148  2.68471  4.34236  3.7297  5.09912  
-1.94712  -5.3688  2.63186  4.31593  3.78916  5.05288  
-1.98265  -5.31298  2.59126  4.29563  3.83483  5.01735  
-2.02689  -5.24346  2.5407  4.27035  3.89171  4.97311  
-2.06911  -5.17711  2.49244  4.24622  3.946  4.93089  
-2.11134  -5.11075  2.44418  4.22209  4.00029  4.88866  
-2.15022  -5.04966  2.39975  4.19988  4.05028  4.84978  
-2.19378  -4.9812  2.34996  4.17498  4.10629  4.80622  
-2.23735  -4.91274  2.30017  4.15009  4.16231  4.76265  
-2.27891  -4.84743  2.25268  4.12634  4.21574  4.72109  
-2.32046  -4.78213  2.20519  4.10259  4.26917  4.67954  
-2.36001  -4.71999  2.15999  4.08  4.32001  4.63999  
-2.40827  -4.64415  2.10484  4.05242  4.38206  4.59173  
-2.44915  -4.5799  2.05811  4.02906  4.43463  4.55085  
-2.4887  -4.51776  2.01292  4.00646  4.48547  4.5113  
-2.52757  -4.45667  1.96849  3.98424  4.53545  4.47243  
-2.57315  -4.38505  1.9164  3.9582  4.59405  4.42685  
-2.61471  -4.31974  1.8689  3.93445  4.64748  4.38529  
-2.65493  -4.25549  1.82218  3.91109  4.70005  4.3444  
-2.69581  -4.1923  1.77622  3.88811  4.75176  4.30419  
-2.73603  -4.1291  1.73025  3.86513  4.80346  4.26397  
-2.7863  -4.0501  1.6728  3.8364  4.8681  4.2137  
-2.82182  -3.99428  1.6322  3.8161  4.91377  4.17818  
-2.86472  -3.92687  1.58318  3.79159  4.96892  4.13528  
-2.90829  -3.85841  1.53339  3.76669  5.02494  4.09171  
-2.94783  -3.79627  1.48819  3.7441  5.07578  4.05217  
-2.9981  -3.71727  1.43074  3.71537  5.14042  4.0019  
-3.03094  -3.66566  1.39321  3.6966  5.18264  3.96906  
-3.07518  -3.59614  1.34265  3.67132  5.23952  3.92482  
-3.12143  -3.52347  1.28979  3.6449  5.29898  3.87857  
-3.15896  -3.46448  1.2469  3.62345  5.34724  3.84104  
-3.19985  -3.40023  1.20017  3.60009  5.39981  3.80015  
-3.24007  -3.33704  1.15421  3.5771  5.45151  3.75993  
-3.28095  -3.27279  1.10748  3.55374  5.50408  3.71905  
-3.33323  -3.19063  1.04773  3.52387  5.5713  3.66677  
-3.36608  -3.13902  1.0102  3.5051  5.61353  3.63392  
-3.40964  -3.07056  0.960407  3.4802  5.66954  3.59036  
-3.45656  -2.99683  0.906786  3.45339  5.72987  3.54344  
-3.49075  -2.94206  0.866953  3.43348  5.77468  3.50858  
-3.53364  -2.8757  0.818694  3.40935  5.82897  3.46636  
-3.57453  -2.81145  0.771967  3.38598  5.88154  3.42547  
-3.62078  -2.73878  0.719111  3.35956  5.941  3.37922  
-3.66166  -2.67453  0.672384  3.33619  5.99357  3.33834  
-3.70188  -2.61133  0.626423  3.31321  6.04527  3.29812  
-3.74612  -2.54182  0.575866  3.28793  6.10215  3.25388  
-3.78834  -2.47546  0.527607  3.2638  6.15644  3.21166  
-3.8299  -2.41016  0.480114  3.24006  6.20987  3.1701  
-3.86945  -2.34801  0.434919  3.21746  6.26072  3.13055  
-3.911  -2.28271  0.387426  3.19371  6.31415  3.089  
-3.95457  -2.21425  0.337635  3.16882  6.37016  3.04543  
-4.0035  -2.13736  0.281715  3.14086  6.43307  2.9965  
-4.03701  -2.08469  0.243414  3.12171  6.47616  2.96299  
-4.07857  -2.01939  0.195921  3.09796  6.52959  2.92143  
-4.12616  -1.94461  0.141534  3.07077  6.59077  2.87384  
-4.16101  -1.88984  0.101701  3.05085  6.63559  2.83899  
-4.20458  -1.82138  0.05191  3.02596  6.6916  2.79542  
-4.24614  -1.75607  0.00441696  3.00221  6.74503  2.75386  
-4.28836  -1.68972  -0.0438422  2.97808  6.79932  2.71164  
-4.32925  -1.62547  -0.0905692  2.95472  6.85189  2.67075  
-4.37215  -1.55806  -0.139594  2.9302  6.90704  2.62785  
-4.41236  -1.49486  -0.185555  2.90722  6.95875  2.58764  
-4.46062  -1.41903  -0.240709  2.87965  7.0208  2.53938  
-4.49748  -1.3611  -0.28284  2.85858  7.06819  2.50252  
-4.54038  -1.29369  -0.331865  2.83407  7.12335  2.45962  
-4.58395  -1.22522  -0.381656  2.80917  7.17936  2.41605  
-4.62484  -1.16097  -0.428383  2.78581  7.23193  2.37516  
-4.66505  -1.09778  -0.474344  2.76283  7.28364  2.33495  
-4.70728  -1.03142  -0.522603  2.7387  7.33793  2.29272  
-4.75152  -0.961905  -0.57316  2.71342  7.39481  2.24848  
-4.79642  -0.891335  -0.624484  2.68776  7.45254  2.20358  
-4.83195  -0.835512  -0.665082  2.66746  7.49822  2.16805  
-4.87417  -0.769155  -0.713342  2.64333  7.55251  2.12583  
-4.91841  -0.699639  -0.763899  2.61805  7.60939  2.08159  
-4.95796  -0.637496  -0.809094  2.59545  7.66023  2.04204  
-5.00018  -0.57114  -0.857353  2.57132  7.71452  1.99982  
-5.04241  -0.504784  -0.905612  2.54719  7.76881  1.95759  
-5.08665  -0.435267  -0.956169  2.52192  7.82569  1.91335  
-5.12619  -0.373124  -1.00136  2.49932  7.87653  1.87381  
-5.16775  -0.307821  -1.04886  2.47557  7.92996  1.83225  
-5.21132  -0.239358  -1.09865  2.45068  7.98598  1.78868  
-5.25287  -0.174055  -1.14614  2.42693  8.03941  1.74713  
-5.29376  -0.109806  -1.19287  2.40357  8.09198  1.70624  
-5.33733  -0.0413429  -1.24266  2.37867  8.14799  1.66267  
-5.37754  0.0218536  -1.28862  2.35569  8.1997  1.62246  
-5.4191  0.0871566  -1.33611  2.33194  8.25313  1.5809  
-5.46535  0.159832  -1.38897  2.30552  8.31259  1.53465  
-5.50221  0.217763  -1.4311  2.28445  8.35999  1.49779  
-5.54511  0.285172  -1.48013  2.25994  8.41514  1.45489  
-5.58667  0.350475  -1.52762  2.23619  8.46857  1.41333  
-5.62688  0.413672  -1.57358  2.21321  8.52028  1.37312  
-5.66978  0.481081  -1.6226  2.1887  8.57543  1.33022  
-5.71335  0.549544  -1.6724  2.1638  8.63145  1.28665  
-5.75423  0.613794  -1.71912  2.14044  8.68401  1.24577  
-5.79445  0.67699  -1.76508  2.11746  8.73572  1.20555  
-5.83802  0.745453  -1.81487  2.09256  8.79173  1.16198  
-5.88091  0.812863  -1.8639  2.06805  8.84689  1.11909  
-5.92091  0.87571  -1.90961  2.0452  8.89831  1.07909  
-5.95727  0.932846  -1.95116  2.02442  8.94506  1.04273  
-5.98712  0.979764  -1.98528  2.00736  8.98344  1.01288  
-5.9969  0.995132  -1.99646  2.00177  8.99602  1.0031  
-5.99996  0.999934  -1.99995  2.00002  8.99995  1.00004  
-5.99934  1.00037  -1.99941  2.00007  8.99904  0.999705  
-5.99173  1.00459  -1.99265  2.00092  8.98806  0.996326  
-5.96821  1.01766  -1.97174  2.00353  8.95408  0.985871  
-5.92246  1.04308  -1.93108  2.00862  8.888  0.96554  
-5.86742  1.07365  -1.88215  2.01473  8.8085  0.941077  
-5.81211  1.10438  -1.83299  2.02088  8.7286  0.916493  
-5.7501  1.13883  -1.77787  2.02777  8.63903  0.888933  
-5.68809  1.17328  -1.72275  2.03466  8.54946  0.861373  
-5.63276  1.20402  -1.67356  2.0408  8.46954  0.836781  
-5.57456  1.23635  -1.62183  2.04727  8.38548  0.810917  
-5.5116  1.27133  -1.56587  2.05427  8.29453  0.782933  
-5.4515  1.30472  -1.51244  2.06094  8.20772  0.756221  
-5.3933  1.33705  -1.46071  2.06741  8.12366  0.730357  
-5.33225  1.37097  -1.40644  2.07419  8.03547  0.703221  
-5.27405  1.4033  -1.35471  2.08066  7.95141  0.677357  
-5.20918  1.43934  -1.29705  2.08787  7.85771  0.648525  
-5.14717  1.47379  -1.24193  2.09476  7.76814  0.620965  
-5.09375  1.50347  -1.19444  2.10069  7.69097  0.597221  
-5.0346  1.53633  -1.14187  2.10727  7.60553  0.570933  
-4.97831  1.5676  -1.09183  2.11352  7.52423  0.545917  
-4.9163  1.60205  -1.03671  2.12041  7.43466  0.518357  
-4.8562  1.63544  -0.983291  2.12709  7.34785  0.491645  
-4.79801  1.66777  -0.931563  2.13355  7.26379  0.465781  
-4.73791  1.70116  -0.878139  2.14023  7.17698  0.43907  
-4.66922  1.73932  -0.817083  2.14786  7.07776  0.408542  
-4.61866  1.76741  -0.772139  2.15348  7.00473  0.38607  
-4.5576  1.80133  -0.717867  2.16027  6.91653  0.358934  
-4.49845  1.83419  -0.665291  2.16684  6.8311  0.332646  
-4.43549  1.86917  -0.609324  2.17383  6.74015  0.304662  
-4.36776  1.9068  -0.549116  2.18136  6.64231  0.274558  
-4.32006  1.9333  -0.506716  2.18666  6.57341  0.253358  
-4.26186  1.96563  -0.454988  2.19313  6.48936  0.227494  
-4.20081  1.99955  -0.400716  2.19991  6.40116  0.200358  
-4.14261  2.03188  -0.348988  2.20638  6.31711  0.174494  
-4.08156  2.0658  -0.294716  2.21316  6.22891  0.147358  
-4.02432  2.0976  -0.243836  2.21952  6.14623  0.121918  
-3.9604  2.13311  -0.18702  2.22662  6.05391  0.0935102  
-3.9022  2.16544  -0.135292  2.23309  5.96985  0.0676462  
-3.8421  2.19883  -0.0818686  2.23977  5.88304  0.0409343  
-3.78391  2.23116  -0.0301407  2.24623  5.79898  0.0150704  
-3.72285  2.26508  0.0241312  2.25302  5.71079  -0.0120656  
-3.65989  2.30006  0.0800991  2.26001  5.61984  -0.0400495  
-3.6036  2.33133  0.130131  2.26627  5.53854  -0.0650655  
-3.54445  2.36419  0.182707  2.27284  5.4531  -0.0913534  
-3.48531  2.39705  0.235283  2.27941  5.36767  -0.117641  
-3.42425  2.43097  0.289555  2.28619  5.27947  -0.144777  
-3.3651  2.46383  0.342131  2.29277  5.19404  -0.171065  
-3.30596  2.49669  0.394706  2.29934  5.1086  -0.197353  
-3.24585  2.53008  0.44813  2.30602  5.02179  -0.224065  
-3.18861  2.56188  0.49901  2.31238  4.93911  -0.249505  
-3.12756  2.5958  0.553282  2.31916  4.85092  -0.276641  
-3.06459  2.63078  0.60925  2.32616  4.75997  -0.304625  
-3.01022  2.66099  0.657586  2.3322  4.68142  -0.328793  
-2.9358  2.70233  0.72373  2.34047  4.57394  -0.361865  
-2.8881  2.72883  0.76613  2.34577  4.50504  -0.383065  
-2.82514  2.76381  0.822098  2.35276  4.41409  -0.411049  
-2.76885  2.79508  0.872129  2.35902  4.33279  -0.436065  
-2.69921  2.83377  0.934033  2.36675  4.2322  -0.467017  
-2.6496  2.86133  0.978129  2.37227  4.16054  -0.489065  
-2.59236  2.89313  1.02901  2.37863  4.07786  -0.514505  
-2.53131  2.92705  1.08328  2.38541  3.98967  -0.541641  
-2.47025  2.96097  1.13755  2.39219  3.90148  -0.568776  
-2.41111  2.99383  1.19013  2.39877  3.81604  -0.595064  
-2.3491  3.02828  1.24525  2.40566  3.72647  -0.622624  
-2.28518  3.06379  1.30206  2.41276  3.63414  -0.651032  
-2.23557  3.09135  1.34616  2.41827  3.56249  -0.67308  
-2.17356  3.1258  1.40128  2.42516  3.47292  -0.70064  
-2.11537  3.15813  1.45301  2.43163  3.38886  -0.726504  
-2.04572  3.19682  1.51491  2.43936  3.28827  -0.757456  
-1.99516  3.22491  1.55986  2.44498  3.21523  -0.779928  
-1.93601  3.25777  1.61243  2.45155  3.1298  -0.806216  
-1.8721  3.29328  1.66925  2.45866  3.03747  -0.834624  
-1.80818  3.32879  1.72606  2.46576  2.94515  -0.863032  
-1.75285  3.35953  1.77525  2.47191  2.86522  -0.887624  
-1.69847  3.38974  1.82358  2.47795  2.78668  -0.911792  
-1.6355  3.42472  1.87955  2.48494  2.69573  -0.939776  
-1.57731  3.45705  1.93128  2.49141  2.61167  -0.96564  
-1.51912  3.48938  1.98301  2.49788  2.52761  -0.991504  
-1.45806  3.5233  2.03728  2.50466  2.43942  -1.01864  
-1.39605  3.55775  2.0924  2.51155  2.34985  -1.0462  
-1.33786  3.59008  2.14413  2.51802  2.26579  -1.07206  
-1.27871  3.62294  2.1967  2.52459  2.18036  -1.09835  
-1.21861  3.65633  2.25013  2.53127  2.09354  -1.12506  
-1.16232  3.6876  2.30016  2.53752  2.01224  -1.15008  
-1.09268  3.72629  2.36206  2.54526  1.91165  -1.18103  
-1.04021  3.75544  2.4087  2.55109  1.83586  -1.20435  
-0.981062  3.7883  2.46128  2.55766  1.75042  -1.23064  
-0.92096  3.82169  2.5147  2.56434  1.66361  -1.25735  
-0.860858  3.85508  2.56813  2.57102  1.5768  -1.28406  
-0.791216  3.89377  2.63003  2.57875  1.4762  -1.31501  
-0.740654  3.92186  2.67497  2.58437  1.40317  -1.33749  
-0.685322  3.9526  2.72416  2.59052  1.32324  -1.36208  
-0.625221  3.98599  2.77758  2.5972  1.23643  -1.38879  
-0.564165  4.01991  2.83185  2.60398  1.14824  -1.41593  
-0.503109  4.05383  2.88613  2.61077  1.06005  -1.44306  
-0.441099  4.08828  2.94125  2.61766  0.970476  -1.47062  
-0.384813  4.11955  2.99128  2.62391  0.889174  -1.49564  
-0.324711  4.15294  3.0447  2.63059  0.802361  -1.52235  
-0.263655  4.18686  3.09897  2.63737  0.714169  -1.54949  
-0.205461  4.21919  3.1507  2.64384  0.630111  -1.57535  
-0.137728  4.25682  3.21091  2.65136  0.532273  -1.60545  
-0.0738097  4.29233  3.26772  2.65847  0.439947  -1.63386  
-0.0289718  4.31724  3.30758  2.66345  0.375181  -1.65379  
0.0330381  4.35169  3.3627  2.67034  0.285612  -1.68135  
0.0998179  4.38879  3.42206  2.67776  0.189152  -1.71103  
0.15515  4.41953  3.47124  2.68391  0.109228  -1.73562  
0.209528  4.44974  3.51958  2.68995  0.0306822  -1.75979  
0.272492  4.48472  3.57555  2.69694  -0.0602656  -1.78777  
0.329731  4.51652  3.62643  2.7033  -0.142945  -1.81321  
0.390787  4.55044  3.6807  2.71009  -0.231137  -1.84035  
0.450889  4.58383  3.73412  2.71677  -0.317951  -1.86706  
0.510037  4.61669  3.7867  2.72334  -0.403387  -1.89335  
0.575863  4.65326  3.84521  2.73065  -0.498469  -1.92261  
0.629287  4.68294  3.8927  2.73659  -0.575637  -1.94635  
0.688435  4.7158  3.94528  2.74316  -0.661072  -1.97264  
0.751399  4.75078  4.00124  2.75016  -0.75202  -2.00062  
0.807685  4.78205  4.05128  2.75641  -0.833322  -2.02564  
0.867786  4.81544  4.1047  2.76309  -0.920136  -2.05235  
0.925026  4.84724  4.15558  2.76945  -1.00282  -2.07779  
0.989898  4.88328  4.21324  2.77666  -1.09652  -2.10662  
1.04905  4.91614  4.26582  2.78323  -1.18196  -2.13291  
1.11869  4.95483  4.32772  2.79097  -1.28255  -2.16386  
1.16543  4.9808  4.36927  2.79616  -1.35007  -2.18464  
1.2284  5.01578  4.42524  2.80316  -1.44102  -2.21262  
1.28945  5.0497  4.47951  2.80994  -1.52921  -2.23976  
1.34383  5.07991  4.52785  2.81598  -1.60776  -2.26393  
1.40393  5.1133  4.58127  2.82266  -1.69457  -2.29064  
1.47644  5.15358  4.64572  2.83072  -1.7993  -2.32286  
1.52414  5.18008  4.68812  2.83602  -1.8682  -2.34406  
1.58138  5.21188  4.739  2.84238  -1.95088  -2.3695  
1.64339  5.24633  4.79412  2.84927  -2.04045  -2.39706  
1.70444  5.28025  4.84839  2.85605  -2.12864  -2.4242  
1.76264  5.31258  4.90012  2.86252  -2.2127  -2.45006  
1.81988  5.34438  4.951  2.86888  -2.29538  -2.4755  
1.88189  5.37883  5.00612  2.87577  -2.38495  -2.50306  
1.94485  5.41381  5.06209  2.88276  -2.47589  -2.53104  
2.00781  5.44879  5.11806  2.88976  -2.56684  -2.55903  
2.05742  5.47635  5.16215  2.89527  -2.6385  -2.58108  
2.11752  5.50974  5.21558  2.90195  -2.72531  -2.60779  
2.17858  5.54366  5.26985  2.90873  -2.8135  -2.63492  
2.23677  5.57599  5.32158  2.9152  -2.89756  -2.66079  
2.29783  5.60991  5.37585  2.92198  -2.98575  -2.68792  
2.35889  5.64383  5.43012  2.92877  -3.07395  -2.71506  
2.42185  5.67881  5.48609  2.93576  -3.16489  -2.74304  
2.48004  5.71114  5.53782  2.94223  -3.24895  -2.76891  
2.53633  5.74241  5.58785  2.94848  -3.33025  -2.79392  
2.60025  5.77791  5.64466  2.95558  -3.42258  -2.82233  
2.65367  5.80759  5.69215  2.96152  -3.49975  -2.84608  
2.71473  5.84151  5.74642  2.9683  -3.58794  -2.87321  
2.77387  5.87437  5.799  2.97487  -3.67337  -2.8995  
2.83588  5.90882  5.85412  2.98176  -3.76294  -2.92706  
2.89537  5.94187  5.90699  2.98837  -3.84886  -2.9535  
2.95021  5.97234  5.95574  2.99447  -3.92808  -2.97787  
2.98453  5.9914  5.98625  2.99828  -3.97765  -2.99312  
2.9967  5.99817  5.99707  2.99963  -3.99524  -2.99853  
2.99998  5.99999  5.99998  3  -3.99997  -2.99999  
2.99949  5.99898  5.99898  2.99949  -3.99932  -2.99949  
2.99644  5.99288  5.99288  2.99644  -3.99525  -2.99644  
2.99035  5.9807  5.9807  2.99035  -3.98713  -2.99035  
2.98039  5.96078  5.96078  2.98039  -3.97385  -2.98039  
2.96725  5.93449  5.93449  2.96725  -3.95633  -2.96725  
2.95738  5.91476  5.91476  2.95738  -3.94317  -2.95738  
2.94587  5.89173  5.89173  2.94587  -3.92782  -2.94587  
2.9338  5.86761  5.86761  2.9338  -3.91174  -2.9338  
2.92229  5.84458  5.84458  2.92229  -3.89639  -2.92229  
2.91188  5.82375  5.82375  2.91188  -3.8825  -2.91188  
2.90018  5.80036  5.80036  2.90018  -3.86691  -2.90018  
2.88903  5.77807  5.77807  2.88903  -3.85205  -2.88903  
2.87734  5.75468  5.75468  2.87734  -3.83645  -2.87734  
2.8651  5.73019  5.73019  2.8651  -3.82013  -2.8651  
2.85504  5.71009  5.71009  2.85504  -3.80673  -2.85504  
2.84262  5.68524  5.68524  2.84262  -3.79016  -2.84262  
2.83019  5.66038  5.66038  2.83019  -3.77359  -2.83019  
2.81795  5.6359  5.6359  2.81795  -3.75727  -2.81795  
2.80863  5.61726  5.61726  2.80863  -3.74484  -2.80863  
2.79675  5.5935  5.5935  2.79675  -3.729  -2.79675  
2.78469  5.56938  5.56938  2.78469  -3.71292  -2.78469  
2.77501  5.55001  5.55001  2.77501  -3.70001  -2.77501  
2.76294  5.52589  5.52589  2.76294  -3.68393  -2.76294  
2.7518  5.5036  5.5036  2.7518  -3.66906  -2.7518  
2.73864  5.47728  5.47728  2.73864  -3.65152  -2.73864  
2.72896  5.45791  5.45791  2.72896  -3.63861  -2.72896  
2.71708  5.43415  5.43415  2.71708  -3.62277  -2.71708  
2.70538  5.41076  5.41076  2.70538  -3.60718  -2.70538  
2.69332  5.38664  5.38664  2.69332  -3.5911  -2.69332  
2.68327  5.36654  5.36654  2.68327  -3.57769  -2.68327  
2.67176  5.34352  5.34352  2.67176  -3.56234  -2.67176  
2.6597  5.31939  5.31939  2.6597  -3.54626  -2.6597  
2.6491  5.2982  5.2982  2.6491  -3.53213  -2.6491  
2.63777  5.27554  5.27554  2.63777  -3.51703  -2.63777  
2.62315  5.2463  5.2463  2.62315  -3.49753  -2.62315  
2.61456  5.22912  5.22912  2.61456  -3.48608  -2.61456  
2.60323  5.20646  5.20646  2.60323  -3.47098  -2.60323  
2.5919  5.1838  5.1838  2.5919  -3.45587  -2.5919  
2.58057  5.16114  5.16114  2.58057  -3.44076  -2.58057  
2.56942  5.13885  5.13885  2.56942  -3.4259  -2.56942  
2.5559  5.1118  5.1118  2.5559  -3.40787  -2.5559  
2.54603  5.09207  5.09207  2.54603  -3.39471  -2.54603  
2.5347  5.06941  5.06941  2.5347  -3.37961  -2.5347  
2.52337  5.04675  5.04675  2.52337  -3.3645  -2.52337  
2.51003  5.02007  5.02007  2.51003  -3.34671  -2.51003  
2.50072  5.00143  5.00143  2.50072  -3.33429  -2.50072  
2.48902  4.97804  4.97804  2.48902  -3.31869  -2.48902  
2.47751  4.95501  4.95501  2.47751  -3.30334  -2.47751  
2.46618  4.93236  4.93236  2.46618  -3.28824  -2.46618  
2.45503  4.91006  4.91006  2.45503  -3.27337  -2.45503  
2.44242  4.88484  4.88484  2.44242  -3.25656  -2.44242  
2.43237  4.86474  4.86474  2.43237  -3.24316  -2.43237  
2.41903  4.83806  4.83806  2.41903  -3.22537  -2.41903  
2.4088  4.8176  4.8176  2.4088  -3.21173  -2.4088  
2.39747  4.79494  4.79494  2.39747  -3.19662  -2.39747  
2.38632  4.77264  4.77264  2.38632  -3.18176  -2.38632  
2.37499  4.74998  4.74998  2.37499  -3.16665  -2.37499  
2.36256  4.72513  4.72513  2.36256  -3.15009  -2.36256  
2.35215  4.7043  4.7043  2.35215  -3.1362  -2.35215  
2.33972  4.67945  4.67945  2.33972  -3.11963  -2.33972  
2.32858  4.65715  4.65715  2.32858  -3.10477  -2.32858  
2.31779  4.63559  4.63559  2.31779  -3.09039  -2.31779  
2.30628  4.61256  4.61256  2.30628  -3.07504  -2.30628  
2.29513  4.59027  4.59027  2.29513  -3.06018  -2.29513  
2.28271  4.56542  4.56542  2.28271  -3.04361  -2.28271  
2.27028  4.54056  4.54056  2.27028  -3.02704  -2.27028  
2.26078  4.52156  4.52156  2.26078  -3.01437  -2.26078  
2.2489  4.4978  4.4978  2.2489  -2.99854  -2.2489  
2.23812  4.47624  4.47624  2.23812  -2.98416  -2.23812  
2.22642  4.45285  4.45285  2.22642  -2.96857  -2.22642  
2.21491  4.42982  4.42982  2.21491  -2.95322  -2.21491  
2.20303  4.40607  4.40607  2.20303  -2.93738  -2.20303  
2.19262  4.38524  4.38524  2.19262  -2.92349  -2.19262  
2.18074  4.36148  4.36148  2.18074  -2.90765  -2.18074  
2.16923  4.33846  4.33846  2.16923  -2.8923  -2.16923  
2.15698  4.31397  4.31397  2.15698  -2.87598  -2.15698  
2.14474  4.28948  4.28948  2.14474  -2.85965  -2.14474  
2.13524  4.27048  4.27048  2.13524  -2.84698  -2.13524  
2.12373  4.24745  4.24745  2.12373  -2.83163  -2.12373  
2.11185  4.2237  4.2237  2.11185  -2.8158  -2.11185  
2.10052  4.20104  4.20104  2.10052  -2.80069  -2.10052  
2.08901  4.17801  4.17801  2.08901  -2.78534  -2.08901  
2.07822  4.15645  4.15645  2.07822  -2.77097  -2.07822  
2.0658  4.1316  4.1316  2.0658  -2.7544  -2.0658  
2.05355  4.10711  4.10711  2.05355  -2.73807  -2.05355  
2.04387  4.08774  4.08774  2.04387  -2.72516  -2.04387  
2.03236  4.06471  4.06471  2.03236  -2.70981  -2.03236  
2.0203  4.04059  4.04059  2.0203  -2.69373  -2.0203  
2.00951  4.01903  4.01903  2.00951  -2.67935  -2.00951  
1.99782  3.99564  3.99564  1.99782  -2.66376  -1.99782  
1.98631  3.97261  3.97261  1.98631  -2.64841  -1.98631  
1.97516  3.95032  3.95032  1.97516  -2.63355  -1.97516  
1.96383  3.92766  3.92766  1.96383  -2.61844  -1.96383  
1.95104  3.90208  3.90208  1.95104  -2.60138  -1.95104  
1.9408  3.88161  3.88161  1.9408  -2.58774  -1.9408  
1.92893  3.85785  3.85785  1.92893  -2.5719  -1.92893  
1.91668  3.83337  3.83337  1.91668  -2.55558  -1.91668  
1.90426  3.80851  3.80851  1.90426  -2.53901  -1.90426  
1.89494  3.78988  3.78988  1.89494  -2.52658  -1.89494  
1.88379  3.76758  3.76758  1.88379  -2.51172  -1.88379  
1.8721  3.74419  3.74419  1.8721  -2.49613  -1.8721  
1.86058  3.72117  3.72117  1.86058  -2.48078  -1.86058  
1.84944  3.69887  3.69887  1.84944  -2.46591  -1.84944  
1.83756  3.67512  3.67512  1.83756  -2.45008  -1.83756  
1.82641  3.65282  3.65282  1.82641  -2.43521  -1.82641  
1.81545  3.63089  3.63089  1.81545  -2.4206  -1.81545  
1.80357  3.60714  3.60714  1.80357  -2.40476  -1.80357  
1.79206  3.58411  3.58411  1.79206  -2.38941  -1.79206  
1.78073  3.56145  3.56145  1.78073  -2.3743  -1.78073  
1.76848  3.53697  3.53697  1.76848  -2.35798  -1.76848  
1.75752  3.51504  3.51504  1.75752  -2.34336  -1.75752  
1.74637  3.49274  3.49274  1.74637  -2.3285  -1.74637  
1.73358  3.46716  3.46716  1.73358  -2.31144  -1.73358  
1.72152  3.44304  3.44304  1.72152  -2.29536  -1.72152  
1.71238  3.42476  3.42476  1.71238  -2.28318  -1.71238  
1.70014  3.40028  3.40028  1.70014  -2.26685  -1.70014  
1.68808  3.37616  3.37616  1.68808  -2.25077  -1.68808  
1.67839  3.35679  3.35679  1.67839  -2.23786  -1.67839  
1.66651  3.33303  3.33303  1.66651  -2.22202  -1.66651  
1.65464  3.30927  3.30927  1.65464  -2.20618  -1.65464  
1.64258  3.28515  3.28515  1.64258  -2.1901  -1.64258  
1.63015  3.2603  3.2603  1.63015  -2.17353  -1.63015  
1.62065  3.24129  3.24129  1.62065  -2.16086  -1.62065  
1.61005  3.2201  3.2201  1.61005  -2.14673  -1.61005  
1.59872  3.19744  3.19744  1.59872  -2.13163  -1.59872  
1.58629  3.17259  3.17259  1.58629  -2.11506  -1.58629  
1.57533  3.15066  3.15066  1.57533  -2.10044  -1.57533  
1.56345  3.1269  3.1269  1.56345  -2.0846  -1.56345  
1.55157  3.10314  3.10314  1.55157  -2.06876  -1.55157  
1.54134  3.08268  3.08268  1.54134  -2.05512  -1.54134  
1.52946  3.05892  3.05892  1.52946  -2.03928  -1.52946  
1.5174  3.0348  3.0348  1.5174  -2.0232  -1.5174  
1.50698  3.01397  3.01397  1.50698  -2.00931  -1.50698  
1.49511  2.99021  2.99021  1.49511  -1.99347  -1.49511  
1.48396  2.96792  2.96792  1.48396  -1.97861  -1.48396  
1.47172  2.94343  2.94343  1.47172  -1.96229  -1.47172  
1.4613  2.9226  2.9226  1.4613  -1.9484  -1.4613  
1.44997  2.89994  2.89994  1.44997  -1.93329  -1.44997  
1.43827  2.87655  2.87655  1.43827  -1.9177  -1.43827  
1.4264  2.85279  2.85279  1.4264  -1.90186  -1.4264  
1.4147  2.8294  2.8294  1.4147  -1.88627  -1.4147  
1.4041  2.8082  2.8082  1.4041  -1.87214  -1.4041  
1.39259  2.78518  2.78518  1.39259  -1.85679  -1.39259  
1.38144  2.76289  2.76289  1.38144  -1.84192  -1.38144  
1.36975  2.7395  2.7395  1.36975  -1.82633  -1.36975  
1.35824  2.71647  2.71647  1.35824  -1.81098  -1.35824  
1.34745  2.69491  2.69491  1.34745  -1.7966  -1.34745  
1.33484  2.66969  2.66969  1.33484  -1.77979  -1.33484  
1.3226  2.6452  2.6452  1.3226  -1.76347  -1.3226  
1.31273  2.62547  2.62547  1.31273  -1.75031  -1.31273  
1.30122  2.60244  2.60244  1.30122  -1.73496  -1.30122  
1.28916  2.57832  2.57832  1.28916  -1.71888  -1.28916  
1.27838  2.55676  2.55676  1.27838  -1.7045  -1.27838  
1.26687  2.53373  2.53373  1.26687  -1.68915  -1.26687  
1.25517  2.51034  2.51034  1.25517  -1.67356  -1.25517  
1.24366  2.48732  2.48732  1.24366  -1.65821  -1.24366  
1.23196  2.46393  2.46393  1.23196  -1.64262  -1.23196  
1.22045  2.4409  2.4409  1.22045  -1.62727  -1.22045  
1.20985  2.4197  2.4197  1.20985  -1.61314  -1.20985  
1.19834  2.39668  2.39668  1.19834  -1.59779  -1.19834  
1.18591  2.37183  2.37183  1.18591  -1.58122  -1.18591  
1.17586  2.35172  2.35172  1.17586  -1.56782  -1.17586  
1.16398  2.32797  2.32797  1.16398  -1.55198  -1.16398  
1.15174  2.30348  2.30348  1.15174  -1.53565  -1.15174  
1.13986  2.27973  2.27973  1.13986  -1.51982  -1.13986  
1.12981  2.25962  2.25962  1.12981  -1.50642  -1.12981  
1.1183  2.2366  2.2366  1.1183  -1.49107  -1.1183  
1.10642  2.21284  2.21284  1.10642  -1.47523  -1.10642  
1.09491  2.18982  2.18982  1.09491  -1.45988  -1.09491  
1.08413  2.16826  2.16826  1.08413  -1.4455  -1.08413  
1.0728  2.1456  2.1456  1.0728  -1.4304  -1.0728  
1.06147  2.12294  2.12294  1.06147  -1.41529  -1.06147  
1.04996  2.09991  2.09991  1.04996  -1.39994  -1.04996  
1.03899  2.07798  2.07798  1.03899  -1.38532  -1.03899  
1.02711  2.05423  2.05423  1.02711  -1.36948  -1.02711  
1.01597  2.03193  2.03193  1.01597  -1.35462  -1.01597  
1.00427  2.00854  2.00854  1.00427  -1.33903  -1.00427  
0.993124  1.98625  1.98625  0.993124  -1.32417  -0.993124  
0.981429  1.96286  1.96286  0.981429  -1.30857  -0.981429  
0.969185  1.93837  1.93837  0.969185  -1.29225  -0.969185  
0.957125  1.91425  1.91425  0.957125  -1.27617  -0.957125  
0.947439  1.89488  1.89488  0.947439  -1.26325  -0.947439  
0.935561  1.87112  1.87112  0.935561  -1.24742  -0.935561  
0.923866  1.84773  1.84773  0.923866  -1.23182  -0.923866  
0.911805  1.82361  1.82361  0.911805  -1.21574  -0.911805  
0.901755  1.80351  1.80351  0.901755  -1.20234  -0.901755  
0.890425  1.78085  1.78085  0.890425  -1.18723  -0.890425  
0.877999  1.756  1.756  0.877999  -1.17067  -0.877999  
0.865938  1.73188  1.73188  0.865938  -1.15458  -0.865938  
0.854791  1.70958  1.70958  0.854791  -1.13972  -0.854791  
0.84401  1.68802  1.68802  0.84401  -1.12535  -0.84401  
0.832314  1.66463  1.66463  0.832314  -1.10975  -0.832314  
0.821715  1.64343  1.64343  0.821715  -1.09562  -0.821715  
0.810568  1.62114  1.62114  0.810568  -1.08076  -0.810568  
0.79869  1.59738  1.59738  0.79869  -1.06492  -0.79869  
0.78663  1.57326  1.57326  0.78663  -1.04884  -0.78663  
0.776396  1.55279  1.55279  0.776396  -1.0352  -0.776396  
0.764518  1.52904  1.52904  0.764518  -1.01936  -0.764518  
0.752823  1.50565  1.50565  0.752823  -1.00376  -0.752823  
0.741493  1.48299  1.48299  0.741493  -0.988658  -0.741493  
0.729433  1.45887  1.45887  0.729433  -0.972577  -0.729433  
0.717737  1.43547  1.43547  0.717737  -0.956983  -0.717737  
0.707321  1.41464  1.41464  0.707321  -0.943095  -0.707321  
0.695078  1.39016  1.39016  0.695078  -0.92677  -0.695078  
0.683383  1.36677  1.36677  0.683383  -0.911177  -0.683383  
0.673149  1.3463  1.3463  0.673149  -0.897532  -0.673149  
0.661819  1.32364  1.32364  0.661819  -0.882426  -0.661819  
0.649576  1.29915  1.29915  0.649576  -0.866101  -0.649576  
0.638246  1.27649  1.27649  0.638246  -0.850995  -0.638246  
0.625454  1.25091  1.25091  0.625454  -0.833939  -0.625454  
0.615587  1.23117  1.23117  0.615587  -0.820782  -0.615587  
0.603709  1.20742  1.20742  0.603709  -0.804945  -0.603709  
0.59311  1.18622  1.18622  0.59311  -0.790813  -0.59311  
0.581963  1.16393  1.16393  0.581963  -0.77595  -0.581963  
0.570268  1.14054  1.14054  0.570268  -0.760357  -0.570268  
0.558938  1.11788  1.11788  0.558938  -0.74525  -0.558938  
0.547425  1.09485  1.09485  0.547425  -0.7299  -0.547425  
0.536278  1.07256  1.07256  0.536278  -0.715038  -0.536278  
0.524948  1.0499  1.0499  0.524948  -0.699931  -0.524948  
0.512339  1.02468  1.02468  0.512339  -0.683119  -0.512339  
0.500279  1.00056  1.00056  0.500279  -0.667038  -0.500279  
0.490776  0.981553  0.981553  0.490776  -0.654368  -0.490776  
0.478898  0.957797  0.957797  0.478898  -0.638531  -0.478898  
0.467386  0.934772  0.934772  0.467386  -0.623181  -0.467386  
0.455691  0.911381  0.911381  0.455691  -0.607587  -0.455691  
0.442899  0.885798  0.885798  0.442899  -0.590532  -0.442899  
0.433214  0.866428  0.866428  0.433214  -0.577618  -0.433214  
0.421153  0.842306  0.842306  0.421153  -0.561537  -0.421153  
0.410554  0.821108  0.821108  0.410554  -0.547406  -0.410554  
0.398859  0.797718  0.797718  0.398859  -0.531812  -0.398859  
0.387164  0.774327  0.774327  0.387164  -0.516218  -0.387164  
0.375651  0.751302  0.751302  0.375651  -0.500868  -0.375651  
0.365235  0.73047  0.73047  0.365235  -0.48698  -0.365235  
0.352992  0.705983  0.705983  0.352992  -0.470656  -0.352992  
0.341662  0.683324  0.683324  0.341662  -0.455549  -0.341662  
0.329784  0.659568  0.659568  0.329784  -0.439712  -0.329784  
0.319002  0.638005  0.638005  0.319002  -0.425336  -0.319002  
0.306576  0.613152  0.613152  0.306576  -0.408768  -0.306576  
0.295977  0.591955  0.591955  0.295977  -0.394636  -0.295977  
0.284099  0.568199  0.568199  0.284099  -0.378799  -0.284099  
0.272221  0.544443  0.544443  0.272221  -0.362962  -0.272221  
0.262171  0.524341  0.524341  0.262171  -0.349561  -0.262171  
0.250293  0.500585  0.500585  0.250293  -0.333724  -0.250293  
0.238232  0.476464  0.476464  0.238232  -0.317643  -0.238232  
0.226354  0.452708  0.452708  0.226354  -0.301805  -0.226354  
0.216303  0.432607  0.432607  0.216303  -0.288405  -0.216303  
0.205156  0.410313  0.410313  0.205156  -0.273542  -0.205156  
0.192913  0.385826  0.385826  0.192913  -0.257217  -0.192913  
0.181766  0.363532  0.363532  0.181766  -0.242354  -0.181766  
0.168243  0.336486  0.336486  0.168243  -0.224324  -0.168243  
0.156365  0.31273  0.31273  0.156365  -0.208487  -0.156365  
0.146863  0.293726  0.293726  0.146863  -0.195817  -0.146863  
0.136081  0.272163  0.272163  0.136081  -0.181442  -0.136081  
0.122559  0.245117  0.245117  0.122559  -0.163412  -0.122559  
0.113422  0.226843  0.226843  0.113422  -0.151229  -0.113422  
0.101544  0.203087  0.203087  0.101544  -0.135392  -0.101544  
0.0911276  0.182255  0.182255  0.0911276  -0.121504  -0.0911276  
0.0772395  0.154479  0.154479  0.0772395  -0.102986  -0.0772395  
0.0675544  0.135109  0.135109  0.0675544  -0.0900725  -0.0675544  
0.0565901  0.11318  0.11318  0.0565901  -0.0754535  -0.0565901  
0.0452603  0.0905207  0.0905207  0.0452603  -0.0603471  -0.0452603  
0.0333823  0.0667647  0.0667647  0.0333823  -0.0445098  -0.0333823  
0.0218701  0.0437401  0.0437401  0.0218701  -0.0291601  -0.0218701  
0.0107879  0.0215757  0.0215757  0.0107879  -0.0143838  -0.0107879  
0.0040874  0.00817479  0.00817479  0.0040874  -0.00544986  -0.0040874  
0.000579567  0.00115913  0.00115913  0.000579567  -0.000772756  -0.000579567  
-0.000102114  4.54577e-05  -5.56211e-05  -5.04523e-05  5.03117e-05  4.31633e-05  
-0.000117275  4.06812e-05  -5.85676e-05  -4.72938e-05  5.20607e-05  3.83667e-05  
-8.69291e-05  3.11253e-05  -5.27264e-05  -4.09704e-05  4.85653e-05  2.87744e-05  
-6.83076e-05  1.08182e-05  -5.27264e-05  -3.77413e-05  4.32057e-05  2.87744e-05  
-3.79618e-05  1.26224e-06  -4.68852e-05  -3.14179e-05  3.97104e-05  1.91822e-05  
-2.27889e-05  -3.51574e-06  -4.39646e-05  -2.82562e-05  3.79628e-05  1.4386e-05  
-7.61595e-06  -8.29372e-06  -4.1044e-05  -2.50945e-05  3.62151e-05  9.58987e-06  
2.27299e-05  -1.78497e-05  -3.52028e-05  -1.87711e-05  3.27198e-05  -2.4155e-09  
3.79028e-05  -2.26277e-05  -3.22822e-05  -1.56094e-05  3.09721e-05  -4.79856e-06  
3.79028e-05  -2.26277e-05  -3.22822e-05  -1.56094e-05  3.09721e-05  -4.79856e-06  
5.30757e-05  -2.74056e-05  -2.93615e-05  -1.24477e-05  2.92245e-05  -9.5947e-06  
5.65243e-05  -4.29347e-05  -3.22822e-05  -1.23804e-05  2.56125e-05  -4.79856e-06  
7.16972e-05  -4.77127e-05  -2.93615e-05  -9.21871e-06  2.38649e-05  -9.5947e-06  
7.16972e-05  -4.77127e-05  -2.93615e-05  -9.21871e-06  2.38649e-05  -9.5947e-06  
5.99802e-05  -3.69711e-05  -2.6415e-05  -6.12482e-06  2.20039e-05  -4.79816e-06  
5.99802e-05  -3.69711e-05  -2.6415e-05  -6.12482e-06  2.20039e-05  -4.79816e-06  
5.99802e-05  -3.69711e-05  -2.6415e-05  -6.12482e-06  2.20039e-05  -4.79816e-06  
7.51531e-05  -4.17491e-05  -2.34944e-05  -2.96312e-06  2.02563e-05  -9.5943e-06  
7.51531e-05  -4.17491e-05  -2.34944e-05  -2.96312e-06  2.02563e-05  -9.5943e-06  
5.17117e-05  -4.17586e-05  -1.76273e-05  -2.9636e-06  1.65311e-05  -9.5939e-06  
5.17117e-05  -4.17586e-05  -1.76273e-05  -2.9636e-06  1.65311e-05  -9.5939e-06  
5.17117e-05  -4.17586e-05  -1.76273e-05  -2.9636e-06  1.65311e-05  -9.5939e-06  
5.17117e-05  -4.17586e-05  -1.76273e-05  -2.9636e-06  1.65311e-05  -9.5939e-06  
3.99947e-05  -3.1017e-05  -1.46808e-05  1.3029e-07  1.46701e-05  -4.79735e-06  
3.99947e-05  -3.1017e-05  -1.46808e-05  1.3029e-07  1.46701e-05  -4.79735e-06  
2.82704e-05  -4.17682e-05  -1.17602e-05  -2.96408e-06  1.28058e-05  -9.59349e-06  
1.65534e-05  -3.10266e-05  -8.81365e-06  1.29813e-07  1.09449e-05  -4.79695e-06  
1.65534e-05  -3.10266e-05  -8.81365e-06  1.29813e-07  1.09449e-05  -4.79695e-06  
1.65534e-05  -3.10266e-05  -8.81365e-06  1.29813e-07  1.09449e-05  -4.79695e-06  
1.65534e-05  -3.10266e-05  -8.81365e-06  1.29813e-07  1.09449e-05  -4.79695e-06  
4.83633e-06  -2.0285e-05  -5.86713e-06  3.2237e-06  9.08399e-06  -4.0215e-10  
4.83633e-06  -2.0285e-05  -5.86713e-06  3.2237e-06  9.08399e-06  -4.0215e-10  
4.83633e-06  -2.0285e-05  -5.86713e-06  3.2237e-06  9.08399e-06  -4.0215e-10  
-6.88797e-06  -3.10361e-05  -2.94652e-06  1.29336e-07  7.21971e-06  -4.79654e-06  
-6.88797e-06  -3.10361e-05  -2.94652e-06  1.29336e-07  7.21971e-06  -4.79654e-06  
-6.88797e-06  -3.10361e-05  -2.94652e-06  1.29336e-07  7.21971e-06  -4.79654e-06  
-6.88797e-06  -3.10361e-05  -2.94652e-06  1.29336e-07  7.21971e-06  -4.79654e-06  
-1.8605e-05  -2.02945e-05  -7.08366e-13  3.22323e-06  5.35877e-06  1.23426e-12  
-1.8605e-05  -2.02945e-05  -7.08366e-13  3.22323e-06  5.35877e-06  1.23426e-12  
-1.8605e-05  -2.02945e-05  -7.08366e-13  3.22323e-06  5.35877e-06  1.23426e-12  
