0  0  0  0  0  0  
0  0  0  0  0  0  
0  0  0  0  0  0  
0  0  0  0  0  0  
0  0  0  0  0  0  
0  0  0  0  0  0  
0  0  0  0  0  0  
0  0  0  0  0  0  
0  0  0  0  0  0  
0  0  0  0  0  0  
0  0  0  0  0  0  
0  0  0  0  0  0  
0  0  0  0  0  0  
0  0  0  0  0  0  
0  0  0  0  0  0  
0  0  0  0  0  0  
0  0  0  0  0  0  
0  0  0  0  0  0  
0  0  0  0  0  0  
0  0  0  0  0  0  
0  0  0  0  0  0  
0  0  0  0  0  0  
0  0  0  0  0  0  
0  0  0  0  0  0  
5.13834e-05  -4.49605e-05  6.42293e-05  -5.13834e-05  3.85376e-05  -1.92688e-05  
0.00328854  -0.00287747  0.00411067  -0.00328854  0.0024664  -0.0012332  
0.0172134  -0.0150618  0.0215168  -0.0172134  0.0129101  -0.00645504  
0.0473036  -0.0413906  0.0591295  -0.0473036  0.0354777  -0.0177388  
0.0915026  -0.0800647  0.114378  -0.0915026  0.0686269  -0.0343135  
0.138393  -0.121094  0.172991  -0.138393  0.103795  -0.0518973  
0.190304  -0.166516  0.23788  -0.190304  0.142728  -0.0713641  
0.243002  -0.212627  0.303753  -0.243002  0.182252  -0.0911258  
0.291767  -0.255296  0.364709  -0.291767  0.218826  -0.109413  
0.335027  -0.293149  0.418784  -0.335027  0.25127  -0.125635  
0.387725  -0.339259  0.484656  -0.387725  0.290794  -0.145397  
0.433344  -0.379176  0.54168  -0.433344  0.325008  -0.162504  
0.489188  -0.42804  0.611485  -0.489188  0.366891  -0.183446  
0.531661  -0.465204  0.664577  -0.531661  0.398746  -0.199373  
0.580427  -0.507873  0.725533  -0.580427  0.43532  -0.21766  
0.636271  -0.556737  0.795338  -0.636271  0.477203  -0.238601  
0.67953  -0.594589  0.849413  -0.67953  0.509648  -0.254824  
0.729082  -0.637947  0.911352  -0.729082  0.546811  -0.273406  
0.77942  -0.681993  0.974275  -0.77942  0.584565  -0.292283  
0.825826  -0.722598  1.03228  -0.825826  0.61937  -0.309685  
0.875378  -0.765956  1.09422  -0.875378  0.656533  -0.328267  
0.92493  -0.809313  1.15616  -0.92493  0.693697  -0.346849  
0.978414  -0.856112  1.22302  -0.978414  0.733811  -0.366905  
1.02403  -0.896029  1.28004  -1.02403  0.768025  -0.384013  
1.08066  -0.945581  1.35083  -1.08066  0.810498  -0.405249  
1.12314  -0.982745  1.40392  -1.12314  0.842353  -0.421176  
1.1719  -1.02541  1.46488  -1.1719  0.878927  -0.439463  
1.22224  -1.06946  1.5278  -1.22224  0.916681  -0.45834  
1.26943  -1.11075  1.58679  -1.26943  0.952075  -0.476037  
1.31741  -1.15274  1.64676  -1.31741  0.988059  -0.494029  
1.37011  -1.19885  1.71264  -1.37011  1.02758  -0.513791  
1.4173  -1.24014  1.77163  -1.4173  1.06298  -0.531488  
1.47157  -1.28763  1.83947  -1.47157  1.10368  -0.55184  
1.51483  -1.32548  1.89354  -1.51483  1.13612  -0.568062  
1.56753  -1.37159  1.95941  -1.56753  1.17565  -0.587824  
1.61944  -1.41701  2.0243  -1.61944  1.21458  -0.607291  
1.66191  -1.45418  2.07739  -1.66191  1.24644  -0.623218  
1.71304  -1.49891  2.1413  -1.71304  1.28478  -0.64239  
1.76495  -1.54433  2.20619  -1.76495  1.32371  -0.661857  
1.81608  -1.58907  2.2701  -1.81608  1.36206  -0.681029  
1.86484  -1.63174  2.33105  -1.86484  1.39863  -0.699316  
1.90889  -1.67028  2.38611  -1.90889  1.43167  -0.715833  
1.9608  -1.7157  2.451  -1.9608  1.4706  -0.7353  
2.0072  -1.7563  2.50901  -2.0072  1.5054  -0.752702  
2.0544  -1.7976  2.568  -2.0544  1.5408  -0.770399  
2.10474  -1.84164  2.63092  -2.10474  1.57855  -0.789276  
2.15429  -1.885  2.69286  -2.15429  1.61572  -0.807858  
2.20384  -1.92836  2.7548  -2.20384  1.65288  -0.82644  
2.25811  -1.97585  2.82264  -2.25811  1.69358  -0.846791  
2.30294  -2.01507  2.87868  -2.30294  1.72721  -0.863603  
2.35407  -2.05981  2.94258  -2.35407  1.76555  -0.882775  
2.39969  -2.09973  2.99961  -2.39969  1.79976  -0.899882  
2.45081  -2.14446  3.06351  -2.45081  1.83811  -0.919054  
2.49879  -2.18644  3.12349  -2.49879  1.87409  -0.937046  
2.54913  -2.23049  3.18641  -2.54913  1.91185  -0.955923  
2.60261  -2.27729  3.25327  -2.60261  1.95196  -0.97598  
2.64509  -2.31445  3.30636  -2.64509  1.98381  -0.991907  
2.69621  -2.35918  3.37026  -2.69621  2.02216  -1.01108  
2.74734  -2.40392  3.43417  -2.74734  2.0605  -1.03025  
2.79296  -2.44384  3.49119  -2.79296  2.09472  -1.04736  
2.84565  -2.48995  3.55707  -2.84565  2.13424  -1.06712  
2.89285  -2.53124  3.61606  -2.89285  2.16963  -1.08482  
2.94004  -2.57253  3.67505  -2.94004  2.20503  -1.10251  
2.99038  -2.61658  3.73797  -2.99038  2.24278  -1.12139  
3.04543  -2.66475  3.80679  -3.04543  2.28408  -1.14204  
3.08869  -2.70261  3.86087  -3.08869  2.31652  -1.15826  
3.13667  -2.74459  3.92084  -3.13667  2.3525  -1.17625  
3.19488  -2.79552  3.99359  -3.19488  2.39616  -1.19808  
3.23578  -2.8313  4.04472  -3.23578  2.42683  -1.21342  
3.28611  -2.87535  4.10764  -3.28611  2.46459  -1.23229  
3.33724  -2.92008  4.17155  -3.33724  2.50293  -1.25146  
3.38286  -2.96  4.22857  -3.38286  2.53714  -1.26857  
3.45522  -3.02332  4.31902  -3.45522  2.59141  -1.29571  
3.48275  -3.0474  4.35344  -3.48275  2.61206  -1.30603  
3.53309  -3.09145  4.41636  -3.53309  2.64981  -1.32491  
3.58028  -3.13274  4.47535  -3.58028  2.68521  -1.3426  
3.63455  -3.18023  4.54319  -3.63455  2.72591  -1.36296  
3.67702  -3.21739  4.59628  -3.67702  2.75777  -1.37888  
3.72893  -3.26282  4.66117  -3.72893  2.7967  -1.39835  
3.77613  -3.30411  4.72016  -3.77613  2.83209  -1.41605  
3.82489  -3.34678  4.78111  -3.82489  2.86867  -1.43433  
3.87602  -3.39151  4.84502  -3.87602  2.90701  -1.45351  
3.92714  -3.43625  4.90893  -3.92714  2.94536  -1.47268  
3.97512  -3.47823  4.9689  -3.97512  2.98134  -1.49067  
4.02389  -3.5209  5.02986  -4.02389  3.01791  -1.50896  
4.07108  -3.56219  5.08885  -4.07108  3.05331  -1.52665  
4.12142  -3.60624  5.15177  -4.12142  3.09106  -1.54553  
4.17647  -3.65441  5.22059  -4.17647  3.13236  -1.56618  
4.22131  -3.69364  5.27663  -4.22131  3.16598  -1.58299  
4.26929  -3.73562  5.33661  -4.26929  3.20196  -1.60098  
4.31884  -3.77898  5.39855  -4.31884  3.23913  -1.61956  
4.37232  -3.82578  5.4654  -4.37232  3.27924  -1.63962  
4.41873  -3.86639  5.52341  -4.41873  3.31405  -1.65702  
4.46592  -3.90768  5.5824  -4.46592  3.34944  -1.67472  
4.51783  -3.9531  5.64729  -4.51783  3.38837  -1.69419  
4.56345  -3.99302  5.70431  -4.56345  3.42259  -1.71129  
4.61772  -4.04051  5.77215  -4.61772  3.46329  -1.73165  
4.66177  -4.07905  5.82721  -4.66177  3.49633  -1.74816  
4.70896  -4.12034  5.8862  -4.70896  3.53172  -1.76586  
4.76638  -4.17058  5.95797  -4.76638  3.57478  -1.78739  
4.82379  -4.22082  6.02974  -4.82379  3.61785  -1.80892  
4.85919  -4.25179  6.07398  -4.85919  3.64439  -1.8222  
4.90953  -4.29584  6.13691  -4.90953  3.68214  -1.84107  
4.95908  -4.33919  6.19885  -4.95908  3.71931  -1.85965  
5.01571  -4.38875  6.26964  -5.01571  3.76178  -1.88089  
5.05504  -4.42316  6.31879  -5.05504  3.79128  -1.89564  
5.10616  -4.46789  6.3827  -5.10616  3.82962  -1.91481  
5.15414  -4.50987  6.44267  -5.15414  3.8656  -1.9328  
5.20133  -4.55117  6.50166  -5.20133  3.901  -1.9505  
5.2556  -4.59865  6.5695  -5.2556  3.9417  -1.97085  
5.30437  -4.64132  6.63046  -5.30437  3.97828  -1.98914  
5.3492  -4.68055  6.6865  -5.3492  4.0119  -2.00595  
5.39797  -4.72322  6.74746  -5.39797  4.04847  -2.02424  
5.44909  -4.76795  6.81136  -5.44909  4.08682  -2.04341  
5.49707  -4.80994  6.87134  -5.49707  4.1228  -2.0614  
5.54662  -4.85329  6.93328  -5.54662  4.15997  -2.07998  
5.59775  -4.89803  6.99718  -5.59775  4.19831  -2.09915  
5.64415  -4.93863  7.05519  -5.64415  4.23311  -2.11656  
5.69213  -4.98061  7.11516  -5.69213  4.2691  -2.13455  
5.74876  -5.03017  7.18595  -5.74876  4.31157  -2.15579  
5.79202  -5.06802  7.24003  -5.79202  4.34402  -2.17201  
5.84079  -5.11069  7.30098  -5.84079  4.38059  -2.19029  
5.88955  -5.15336  7.36194  -5.88955  4.41716  -2.20858  
5.93989  -5.1974  7.42486  -5.93989  4.45492  -2.22746  
5.99101  -5.24214  7.48877  -5.99101  4.49326  -2.24663  
6.03821  -5.28343  7.54776  -6.03821  4.52866  -2.26433  
6.08855  -5.32748  7.61068  -6.08855  4.56641  -2.2832  
6.14282  -5.37496  7.67852  -6.14282  4.60711  -2.30356  
6.1845  -5.41144  7.73063  -6.1845  4.63838  -2.31919  
6.23405  -5.4548  7.79257  -6.23405  4.67554  -2.33777  
6.28439  -5.49884  7.85549  -6.28439  4.71329  -2.35665  
6.33316  -5.54151  7.91645  -6.33316  4.74987  -2.37493  
6.38271  -5.58487  7.97839  -6.38271  4.78703  -2.39352  
6.43226  -5.62823  8.04033  -6.43226  4.8242  -2.4121  
6.4826  -5.67228  8.10325  -6.4826  4.86195  -2.43098  
6.53766  -5.72045  8.17207  -6.53766  4.90324  -2.45162  
6.57777  -5.75555  8.22221  -6.57777  4.93333  -2.46666  
6.62654  -5.79822  8.28317  -6.62654  4.9699  -2.48495  
6.67766  -5.84295  8.34708  -6.67766  5.00825  -2.50412  
6.73193  -5.89044  8.41492  -6.73193  5.04895  -2.52447  
6.77755  -5.93036  8.47194  -6.77755  5.08316  -2.54158  
6.82474  -5.97165  8.53093  -6.82474  5.11856  -2.55928  
6.87508  -6.0157  8.59385  -6.87508  5.15631  -2.57816  
6.92385  -6.05837  8.65481  -6.92385  5.19289  -2.59644  
6.9734  -6.10172  8.71675  -6.9734  5.23005  -2.61502  
7.02295  -6.14508  8.77869  -7.02295  5.26721  -2.63361  
7.07093  -6.18706  8.83866  -7.07093  5.3032  -2.6516  
7.1197  -6.22973  8.89962  -7.1197  5.33977  -2.66989  
7.16846  -6.2724  8.96058  -7.16846  5.37635  -2.68817  
7.21723  -6.31507  9.02153  -7.21723  5.41292  -2.70646  
7.26835  -6.35981  9.08544  -7.26835  5.45126  -2.72563  
7.32262  -6.40729  9.15328  -7.32262  5.49197  -2.74598  
7.3824  -6.4596  9.228  -7.3824  5.5368  -2.7684  
7.41307  -6.48644  9.26634  -7.41307  5.55981  -2.7799  
7.46498  -6.53186  9.33123  -7.46498  5.59874  -2.79937  
7.51296  -6.57384  9.3912  -7.51296  5.63472  -2.81736  
7.56488  -6.61927  9.45609  -7.56488  5.67366  -2.83683  
7.61128  -6.65987  9.5141  -7.61128  5.70846  -2.85423  
7.66005  -6.70254  9.57506  -7.66005  5.74503  -2.87252  
7.70802  -6.74452  9.63503  -7.70802  5.78102  -2.89051  
7.75836  -6.78857  9.69795  -7.75836  5.81877  -2.90939  
7.8087  -6.83261  9.76088  -7.8087  5.85653  -2.92826  
7.85825  -6.87597  9.82282  -7.85825  5.89369  -2.94685  
7.90524  -6.91708  9.88155  -7.90524  5.92893  -2.96446  
7.9489  -6.95529  9.93613  -7.9489  5.96168  -2.98084  
7.98017  -6.98264  9.97521  -7.98017  5.98512  -2.99256  
7.99616  -6.99664  9.9952  -7.99616  5.99712  -2.99856  
7.99998  -6.99998  9.99998  -7.99998  5.99999  -2.99999  
8.00009  -6.99998  9.99987  -7.99987  5.99981  -2.99994  
8.00249  -6.99938  9.99626  -7.99626  5.99439  -2.99813  
8.01052  -6.99737  9.98421  -7.98421  5.97632  -2.99211  
8.02562  -6.99359  9.96157  -7.96157  5.94235  -2.98078  
8.04593  -6.98852  9.9311  -7.9311  5.89665  -2.96555  
8.06868  -6.98283  9.89698  -7.89698  5.84547  -2.94849  
8.09217  -6.97696  9.86175  -7.86175  5.79262  -2.93087  
8.11424  -6.97144  9.82864  -7.82864  5.74296  -2.91432  
8.13773  -6.96557  9.79341  -7.79341  5.69011  -2.8967  
8.15731  -6.96067  9.76404  -7.76404  5.64606  -2.88202  
8.17937  -6.95516  9.73094  -7.73094  5.59641  -2.86547  
8.20144  -6.94964  9.69784  -7.69784  5.54676  -2.84892  
8.22671  -6.94332  9.65993  -7.65993  5.4899  -2.82997  
8.24807  -6.93798  9.6279  -7.6279  5.44184  -2.81395  
8.27014  -6.93247  9.59479  -7.59479  5.39219  -2.7974  
8.29114  -6.92722  9.56329  -7.56329  5.34494  -2.78165  
8.3157  -6.92108  9.52645  -7.52645  5.28968  -2.76323  
8.33599  -6.916  9.49602  -7.49602  5.24403  -2.74801  
8.35805  -6.91049  9.46292  -7.46292  5.19438  -2.73146  
8.37977  -6.90506  9.43035  -7.43035  5.14553  -2.71518  
8.40254  -6.89936  9.39618  -7.39618  5.09427  -2.69809  
8.42426  -6.89394  9.36361  -7.36361  5.04542  -2.68181  
8.44739  -6.88815  9.32891  -7.32891  4.99337  -2.66446  
8.46839  -6.8829  9.29741  -7.29741  4.94612  -2.64871  
8.49438  -6.87641  9.25844  -7.25844  4.88765  -2.62922  
8.51395  -6.87151  9.22907  -7.22907  4.84361  -2.61454  
8.53638  -6.86591  9.19544  -7.19544  4.79315  -2.59772  
8.55951  -6.86012  9.16073  -7.16073  4.7411  -2.58037  
8.583  -6.85425  9.12549  -7.12549  4.68824  -2.56275  
8.60258  -6.84935  9.09613  -7.09613  4.64419  -2.54806  
8.62607  -6.84348  9.06089  -7.06089  4.59134  -2.53045  
8.64707  -6.83823  9.02939  -7.02939  4.54409  -2.5147  
8.67555  -6.83111  8.98668  -6.98668  4.48002  -2.49334  
8.69192  -6.82702  8.96212  -6.96212  4.44318  -2.48106  
8.71399  -6.8215  8.92902  -6.92902  4.39353  -2.46451  
8.73748  -6.81563  8.89378  -6.89378  4.34067  -2.44689  
8.75884  -6.81029  8.86175  -6.86175  4.29262  -2.43087  
8.78055  -6.80486  8.82918  -6.82918  4.24377  -2.41459  
8.80297  -6.79926  8.79554  -6.79554  4.19331  -2.39777  
8.82789  -6.79303  8.75817  -6.75817  4.13725  -2.37908  
8.84746  -6.78813  8.72881  -6.72881  4.09321  -2.3644  
8.87131  -6.78217  8.69303  -6.69303  4.03955  -2.34652  
8.89373  -6.77657  8.6594  -6.6594  3.9891  -2.3297  
8.91545  -6.77114  8.62683  -6.62683  3.94024  -2.31341  
8.93609  -6.76598  8.59586  -6.59586  3.8938  -2.29793  
8.95887  -6.76028  8.56169  -6.56169  3.84254  -2.28085  
8.98094  -6.75477  8.52859  -6.52859  3.79289  -2.2643  
9.00336  -6.74916  8.49496  -6.49496  3.74243  -2.24748  
9.02472  -6.74382  8.46292  -6.46292  3.69438  -2.23146  
9.04785  -6.73804  8.42822  -6.42822  3.64233  -2.21411  
9.06992  -6.73252  8.39512  -6.39512  3.59267  -2.19756  
9.09235  -6.72691  8.36148  -6.36148  3.54222  -2.18074  
9.11406  -6.72149  8.32891  -6.32891  3.49337  -2.16446  
9.13684  -6.71579  8.29474  -6.29474  3.44211  -2.14737  
9.15926  -6.71018  8.26111  -6.26111  3.39166  -2.13055  
9.18133  -6.70467  8.22801  -6.22801  3.34201  -2.114  
9.20269  -6.69933  8.19597  -6.19597  3.29396  -2.09799  
9.22547  -6.69363  8.1618  -6.1618  3.2427  -2.0809  
9.24896  -6.68776  8.12656  -6.12656  3.18985  -2.06328  
9.2696  -6.6826  8.0956  -6.0956  3.1434  -2.0478  
9.29203  -6.67699  8.06196  -6.06196  3.09294  -2.03098  
9.31409  -6.67148  8.02886  -6.02886  3.04329  -2.01443  
9.33616  -6.66596  7.99576  -5.99576  2.99364  -1.99788  
9.36179  -6.65955  7.95732  -5.95732  2.93598  -1.97866  
9.38208  -6.65448  7.92688  -5.92688  2.89033  -1.96344  
9.40379  -6.64905  7.89432  -5.89432  2.84147  -1.94716  
9.42586  -6.64354  7.86121  -5.86121  2.79182  -1.93061  
9.44828  -6.63793  7.82758  -5.82758  2.74137  -1.91379  
9.46964  -6.63259  7.79554  -5.79554  2.69332  -1.89777  
9.49242  -6.6269  7.76137  -5.76137  2.64206  -1.88069  
9.51555  -6.62111  7.72667  -5.72667  2.59001  -1.86334  
9.53904  -6.61524  7.69143  -5.69143  2.53715  -1.84572  
9.56147  -6.60963  7.6578  -5.6578  2.4867  -1.8289  
9.5814  -6.60465  7.6279  -5.6279  2.44185  -1.81395  
9.60382  -6.59904  7.59426  -5.59426  2.3914  -1.79713  
9.62554  -6.59362  7.5617  -5.5617  2.34254  -1.78085  
9.64867  -6.58783  7.52699  -5.52699  2.29049  -1.7635  
9.66967  -6.58258  7.49549  -5.49549  2.24324  -1.74775  
9.69316  -6.57671  7.46025  -5.46025  2.19038  -1.73013  
9.71523  -6.57119  7.42715  -5.42715  2.14073  -1.71358  
9.73694  -6.56576  7.39458  -5.39458  2.09188  -1.69729  
9.75901  -6.56025  7.36148  -5.36148  2.04222  -1.68074  
9.78108  -6.55473  7.32838  -5.32838  1.99257  -1.66419  
9.8035  -6.54912  7.29474  -5.29474  1.94212  -1.64737  
9.83091  -6.54227  7.25363  -5.25363  1.88045  -1.62682  
9.84871  -6.53782  7.22694  -5.22694  1.84041  -1.61347  
9.87113  -6.53222  7.1933  -5.1933  1.78995  -1.59665  
9.89569  -6.52608  7.15646  -5.15646  1.7347  -1.57823  
9.91954  -6.52012  7.12069  -5.12069  1.68104  -1.56035  
9.94018  -6.51495  7.08973  -5.08973  1.63459  -1.54486  
9.95976  -6.51006  7.06036  -5.06036  1.59054  -1.53018  
9.98183  -6.50454  7.02726  -5.02726  1.54089  -1.51363  
10.0085  -6.49787  6.98722  -4.98722  1.48083  -1.49361  
10.027  -6.49324  6.95945  -4.95945  1.43918  -1.47973  
10.0498  -6.48755  6.92528  -4.92528  1.38793  -1.46264  
10.0705  -6.48239  6.89432  -4.89432  1.34148  -1.44716  
10.0925  -6.47687  6.86122  -4.86122  1.29182  -1.43061  
10.1157  -6.47109  6.82651  -4.82651  1.23977  -1.41326  
10.1374  -6.46566  6.79394  -4.79394  1.19092  -1.39697  
10.1598  -6.46005  6.76031  -4.76031  1.14046  -1.38015  
10.1847  -6.45382  6.72294  -4.72294  1.0844  -1.36147  
10.2043  -6.44893  6.69357  -4.69357  1.04036  -1.34679  
10.2274  -6.44314  6.65887  -4.65887  0.988301  -1.32943  
10.2495  -6.43763  6.62577  -4.62577  0.938648  -1.31288  
10.2723  -6.43193  6.5916  -4.5916  0.887394  -1.2958  
10.2933  -6.42668  6.5601  -4.5601  0.840143  -1.28005  
10.3157  -6.42108  6.52646  -4.52646  0.78969  -1.26323  
10.3403  -6.41494  6.48962  -4.48962  0.734431  -1.24481  
10.3595  -6.41013  6.46079  -4.46079  0.691185  -1.23039  
10.3823  -6.40444  6.42662  -4.42662  0.63993  -1.21331  
10.4047  -6.39883  6.39298  -4.39298  0.589476  -1.19649  
10.4275  -6.39314  6.35881  -4.35881  0.538222  -1.17941  
10.4499  -6.38753  6.32518  -4.32518  0.487768  -1.16259  
10.4709  -6.38228  6.29368  -4.29368  0.440518  -1.14684  
10.4937  -6.37658  6.25951  -4.25951  0.389263  -1.12975  
10.5154  -6.37116  6.22694  -4.22694  0.340411  -1.11347  
10.5403  -6.36493  6.18957  -4.18957  0.284351  -1.09478  
10.5609  -6.35977  6.1586  -4.1586  0.237902  -1.0793  
10.5841  -6.35398  6.1239  -4.1239  0.185847  -1.06195  
10.6047  -6.34882  6.09293  -4.09293  0.139397  -1.04647  
10.6264  -6.34339  6.06036  -4.06036  0.090545  -1.03018  
10.6488  -6.33779  6.02673  -4.02673  0.0400913  -1.01336  
10.6727  -6.33183  5.99096  -3.99096  -0.0135659  -0.995478  
10.6951  -6.32622  5.95732  -3.95732  -0.0640196  -0.97866  
10.7154  -6.32115  5.92689  -3.92689  -0.109668  -0.963444  
10.7382  -6.31545  5.89272  -3.89272  -0.160923  -0.946359  
10.7599  -6.31003  5.86015  -3.86015  -0.209775  -0.930075  
10.782  -6.30451  5.82705  -3.82705  -0.259428  -0.913524  
10.8051  -6.29872  5.79234  -3.79234  -0.311483  -0.896172  
10.8275  -6.29312  5.75871  -3.75871  -0.361937  -0.879354  
10.8492  -6.28769  5.72614  -3.72614  -0.410789  -0.86307  
10.871  -6.28226  5.69357  -3.69357  -0.459641  -0.846786  
10.8934  -6.27666  5.65994  -3.65994  -0.510095  -0.829968  
10.9169  -6.27078  5.6247  -3.6247  -0.562951  -0.81235  
10.9396  -6.26509  5.59053  -3.59053  -0.614206  -0.795265  
10.9603  -6.25993  5.55956  -3.55956  -0.660655  -0.779782  
10.987  -6.25325  5.51952  -3.51952  -0.720719  -0.75976  
11.0051  -6.24872  5.49229  -3.49229  -0.761562  -0.746146  
11.0272  -6.2432  5.45919  -3.45919  -0.811215  -0.729595  
11.0503  -6.23741  5.42449  -3.42449  -0.863271  -0.712243  
11.0724  -6.2319  5.39138  -3.39138  -0.912924  -0.695692  
11.0941  -6.22647  5.35882  -3.35882  -0.961776  -0.679408  
11.1173  -6.22069  5.32411  -3.32411  -1.01383  -0.662056  
11.1386  -6.21535  5.29208  -3.29208  -1.06188  -0.646039  
11.1614  -6.20965  5.25791  -3.25791  -1.11314  -0.628954  
11.1838  -6.20405  5.22427  -3.22427  -1.16359  -0.612136  
11.2055  -6.19862  5.1917  -3.1917  -1.21244  -0.595852  
11.228  -6.19301  5.15807  -3.15807  -1.2629  -0.579035  
11.2514  -6.18714  5.12283  -3.12283  -1.31575  -0.561416  
11.2721  -6.18198  5.09187  -3.09187  -1.3622  -0.545933  
11.2963  -6.17593  5.05556  -3.05556  -1.41666  -0.52778  
11.3169  -6.17077  5.02459  -3.02459  -1.46311  -0.512297  
11.3397  -6.16507  4.99042  -2.99042  -1.51436  -0.495212  
11.3611  -6.15973  4.95839  -2.95839  -1.56242  -0.479195  
11.3839  -6.15404  4.92422  -2.92422  -1.61367  -0.46211  
11.4081  -6.14799  4.88791  -2.88791  -1.66813  -0.443957  
11.4301  -6.14247  4.85481  -2.85481  -1.71778  -0.427406  
11.4504  -6.1374  4.82438  -2.82438  -1.76343  -0.41219  
11.4732  -6.1317  4.79021  -2.79021  -1.81468  -0.395105  
11.4974  -6.12565  4.75391  -2.75391  -1.86914  -0.376953  
11.5166  -6.12085  4.72507  -2.72507  -1.91239  -0.362537  
11.5387  -6.11533  4.69197  -2.69197  -1.96204  -0.345986  
11.5629  -6.10928  4.65567  -2.65567  -2.0165  -0.327834  
11.5853  -6.10367  4.62203  -2.62203  -2.06695  -0.311016  
11.6102  -6.09744  4.58466  -2.58466  -2.12301  -0.292329  
11.628  -6.09299  4.55796  -2.55796  -2.16306  -0.278982  
11.6508  -6.0873  4.52379  -2.52379  -2.21431  -0.261897  
11.6725  -6.08187  4.49123  -2.49123  -2.26316  -0.245613  
11.6974  -6.07564  4.45385  -2.45385  -2.31922  -0.226926  
11.717  -6.07075  4.42449  -2.42449  -2.36327  -0.212244  
11.7398  -6.06505  4.39032  -2.39032  -2.41452  -0.195159  
11.7626  -6.05936  4.35615  -2.35615  -2.46578  -0.178074  
11.7836  -6.05411  4.32465  -2.32465  -2.51303  -0.162324  
11.8056  -6.04859  4.29155  -2.29155  -2.56268  -0.145773  
11.8277  -6.04307  4.25844  -2.25844  -2.61233  -0.129222  
11.8533  -6.03667  4.22  -2.22  -2.66999  -0.110002  
11.8743  -6.03142  4.1885  -2.1885  -2.71725  -0.0942516  
11.895  -6.02626  4.15754  -2.15754  -2.76369  -0.0787684  
11.9167  -6.02083  4.12497  -2.12497  -2.81255  -0.0624844  
11.9409  -6.01478  4.08866  -2.08866  -2.867  -0.0443318  
11.9646  -6.00884  4.05304  -2.05304  -2.92043  -0.026522  
11.9804  -6.0049  4.0294  -2.0294  -2.9559  -0.0146991  
11.9932  -6.00169  4.01013  -2.01013  -2.98481  -0.00506279  
11.9992  -6.00019  4.00115  -2.00115  -2.99828  -0.00057455  
11.9961  -5.98335  4.00374  -2.0005  -2.99584  -0.00511194  
11.9993  -6.00027  4.00014  -1.99946  -2.9998  0.000540086  
11.9879  -6.0044  4.0022  -1.99119  -2.9967  0.0088075  
11.9568  -6.01569  4.00785  -1.96861  -2.98823  0.03139  
11.8916  -6.0394  4.0197  -1.92119  -2.97045  0.0788056  
11.8236  -6.06414  4.03207  -1.87173  -2.9519  0.128271  
11.7478  -6.09172  4.04586  -1.81656  -2.93121  0.183435  
11.6719  -6.1193  4.05965  -1.7614  -2.91052  0.238602  
11.5861  -6.1505  4.07525  -1.699  -2.88712  0.301004  
11.5152  -6.17628  4.08814  -1.64745  -2.86779  0.352554  
11.4369  -6.20476  4.10238  -1.59047  -2.84643  0.40953  
11.361  -6.23235  4.11617  -1.5353  -2.82574  0.464697  
11.2728  -6.26445  4.13223  -1.47109  -2.80166  0.528908  
11.2056  -6.28887  4.14444  -1.42226  -2.78335  0.577744  
11.1273  -6.31736  4.15868  -1.36528  -2.76198  0.63472  
11.0477  -6.3463  4.17315  -1.3074  -2.74027  0.6926  
10.9693  -6.37479  4.18739  -1.25042  -2.71891  0.749576  
10.8935  -6.40237  4.20119  -1.19526  -2.69822  0.804743  
10.8114  -6.43222  4.21611  -1.13557  -2.67584  0.864432  
10.738  -6.4589  4.22945  -1.08221  -2.65583  0.917791  
10.6572  -6.48829  4.24414  -1.02342  -2.63378  0.976575  
10.5826  -6.51542  4.25771  -0.969162  -2.61344  1.03084  
10.5018  -6.54481  4.27241  -0.910377  -2.59139  1.08962  
10.4284  -6.57149  4.28575  -0.857019  -2.57138  1.14298  
10.3488  -6.60043  4.30022  -0.799139  -2.54968  1.20086  
10.2717  -6.62847  4.31423  -0.743067  -2.52865  1.25693  
10.1946  -6.6565  4.32825  -0.686996  -2.50762  1.313  
10.1088  -6.6877  4.34385  -0.624594  -2.48422  1.37541  
10.0292  -6.71664  4.35832  -0.566714  -2.46252  1.43329  
9.95959  -6.74197  4.37098  -0.516068  -2.44353  1.48393  
9.87752  -6.77181  4.38591  -0.456379  -2.42114  1.54362  
9.80664  -6.79759  4.39879  -0.40483  -2.40181  1.59517  
9.72457  -6.82743  4.41371  -0.345141  -2.37943  1.65486  
9.6425  -6.85727  4.42864  -0.285452  -2.35704  1.71455  
9.57037  -6.8835  4.44175  -0.232998  -2.33737  1.767  
9.48954  -6.91289  4.45645  -0.174213  -2.31533  1.82579  
9.40623  -6.94319  4.4716  -0.11362  -2.29261  1.88638  
9.33783  -6.96806  4.48403  -0.0638791  -2.27395  1.93612  
9.26074  -6.9961  4.49805  -0.00780761  -2.25293  1.99219  
9.18364  -7.02413  4.51207  0.0482639  -2.2319  2.04826  
9.10405  -7.05307  4.52654  0.106144  -2.2102  2.10614  
9.02695  -7.08111  4.54055  0.162216  -2.18917  2.16222  
8.94737  -7.11005  4.55502  0.220096  -2.16746  2.2201  
8.87151  -7.13763  4.56882  0.275263  -2.14678  2.27526  
8.7969  -7.16476  4.58238  0.329526  -2.12643  2.32953  
8.71732  -7.1937  4.59685  0.387406  -2.10472  2.38741  
8.63276  -7.22445  4.61223  0.448904  -2.08166  2.4489  
8.55939  -7.25113  4.62557  0.502262  -2.06165  2.50226  
8.47856  -7.28052  4.64026  0.561047  -2.03961  2.56105  
8.40644  -7.30675  4.65338  0.613501  -2.01994  2.6135  
8.32188  -7.3375  4.66875  0.674998  -1.99688  2.675  
8.24975  -7.36373  4.68186  0.727452  -1.97721  2.72745  
8.17265  -7.39176  4.69588  0.783524  -1.95618  2.78352  
8.08685  -7.42296  4.71148  0.845926  -1.93278  2.84593  
8.01348  -7.44964  4.72482  0.899284  -1.91277  2.89928  
7.92892  -7.48039  4.7402  0.960782  -1.88971  2.96078  
7.86302  -7.50436  4.75218  1.00871  -1.87173  3.00871  
7.78343  -7.5333  4.76665  1.06659  -1.85003  3.06659  
7.7026  -7.56269  4.78134  1.12538  -1.82798  3.12538  
7.61804  -7.59344  4.79672  1.18688  -1.80492  3.18688  
7.54219  -7.62102  4.81051  1.24204  -1.78423  3.24204  
7.47628  -7.64499  4.82249  1.28998  -1.76626  3.28998  
7.3967  -7.67393  4.83696  1.34786  -1.74455  3.34786  
7.30716  -7.70649  4.85324  1.41297  -1.72014  3.41297  
7.2425  -7.73  4.865  1.46  -1.7025  3.46  
7.16292  -7.75894  4.87947  1.51788  -1.6808  3.51788  
7.0796  -7.78924  4.89462  1.57847  -1.65807  3.57847  
7.00623  -7.81592  4.90796  1.63183  -1.63806  3.63183  
6.92665  -7.84486  4.92243  1.68971  -1.61636  3.68971  
6.85204  -7.87199  4.93599  1.74397  -1.59601  3.74397  
6.77369  -7.90047  4.95024  1.80095  -1.57464  3.80095  
6.6966  -7.92851  4.96426  1.85702  -1.55362  3.85702  
6.6195  -7.95655  4.97827  1.91309  -1.53259  3.91309  
6.5424  -7.98458  4.99229  1.96916  -1.51156  3.96916  
6.46406  -8.01307  5.00653  2.02614  -1.4902  4.02614  
6.38572  -8.04156  5.02078  2.08312  -1.46883  4.08312  
6.29991  -8.07276  5.03638  2.14552  -1.44543  4.14552  
6.22406  -8.10034  5.05017  2.20068  -1.42474  4.20068  
6.14447  -8.12928  5.06464  2.25857  -1.40304  4.25857  
6.07484  -8.15461  5.0773  2.30921  -1.38405  4.30921  
5.99774  -8.18264  5.09132  2.36528  -1.36302  4.36528  
5.9194  -8.21113  5.10556  2.42226  -1.34165  4.42226  
5.83981  -8.24007  5.12003  2.48014  -1.31995  4.48014  
5.76396  -8.26765  5.13383  2.53531  -1.29926  4.53531  
5.67691  -8.29931  5.14965  2.59861  -1.27552  4.59861  
5.60727  -8.32463  5.16231  2.64926  -1.25653  4.64926  
5.5252  -8.35447  5.17724  2.70895  -1.23415  4.70895  
5.45059  -8.3816  5.1908  2.76321  -1.2138  4.76321  
5.36852  -8.41145  5.20572  2.8229  -1.19141  4.8229  
5.29764  -8.43722  5.21861  2.87445  -1.17208  4.87445  
5.21929  -8.46571  5.23286  2.93142  -1.15072  4.93142  
5.1422  -8.49375  5.24687  2.98749  -1.12969  4.98749  
5.04893  -8.52766  5.26383  3.05532  -1.10425  5.05532  
4.98551  -8.55072  5.27536  3.10145  -1.08696  5.10145  
4.90966  -8.57831  5.28915  3.15661  -1.06627  5.15661  
4.82634  -8.6086  5.3043  3.21721  -1.04355  5.21721  
4.75546  -8.63438  5.31719  3.26876  -1.02422  5.26876  
4.65722  -8.6701  5.33505  3.3402  -0.997424  5.3402  
4.59753  -8.69181  5.3459  3.38361  -0.981145  5.38361  
4.50924  -8.72391  5.36196  3.44782  -0.957066  5.44782  
4.44209  -8.74833  5.37416  3.49666  -0.938753  5.49666  
4.36375  -8.77682  5.38841  3.55364  -0.917387  5.55364  
4.28541  -8.80531  5.40265  3.61061  -0.896021  5.61061  
4.20707  -8.83379  5.4169  3.66759  -0.874655  5.66759  
4.13121  -8.86138  5.43069  3.72275  -0.853967  5.72275  
4.05163  -8.89032  5.44516  3.78063  -0.832262  5.78063  
3.97577  -8.9179  5.45895  3.8358  -0.811574  5.8358  
3.89992  -8.94548  5.47274  3.89097  -0.790887  5.89097  
3.81785  -8.97533  5.48766  3.95066  -0.768503  5.95066  
3.73826  -9.00427  5.50213  4.00854  -0.746798  6.00854  
3.66241  -9.03185  5.51593  4.0637  -0.726111  6.0637  
3.58779  -9.05898  5.52949  4.11797  -0.705762  6.11797  
3.50697  -9.08838  5.54419  4.17675  -0.683718  6.17675  
3.43235  -9.11551  5.55775  4.23101  -0.663369  6.23101  
3.35526  -9.14354  5.57177  4.28709  -0.642343  6.28709  
3.26572  -9.1761  5.58805  4.3522  -0.617924  6.3522  
3.19609  -9.20142  5.60071  4.40285  -0.598932  6.40285  
3.11899  -9.22946  5.61473  4.45892  -0.577906  6.45892  
3.04065  -9.25795  5.62897  4.51589  -0.55654  6.51589  
2.96479  -9.28553  5.64277  4.57106  -0.535852  6.57106  
2.88769  -9.31357  5.65678  4.62713  -0.514825  6.62713  
2.81059  -9.3416  5.6708  4.6832  -0.493798  6.6832  
2.7335  -9.36964  5.68482  4.73928  -0.472772  6.73928  
2.64521  -9.40174  5.70087  4.80349  -0.448693  6.80349  
2.56686  -9.43023  5.71512  4.86046  -0.427327  6.86046  
2.49971  -9.45465  5.72732  4.9093  -0.409013  6.9093  
2.41889  -9.48404  5.74202  4.96808  -0.386969  6.96808  
2.34179  -9.51208  5.75604  5.02416  -0.365942  7.02416  
2.26096  -9.54147  5.77073  5.08294  -0.343898  7.08294  
2.18759  -9.56815  5.78407  5.1363  -0.323888  7.1363  
2.11049  -9.59618  5.79809  5.19237  -0.302861  7.19237  
2.03464  -9.62377  5.81188  5.24754  -0.282174  7.24754  
1.95132  -9.65406  5.82703  5.30813  -0.259451  7.30813  
1.87795  -9.68074  5.84037  5.36149  -0.239442  7.36149  
1.79712  -9.71014  5.85507  5.42027  -0.217398  7.42027  
1.71257  -9.74089  5.87044  5.48177  -0.194336  7.48177  
1.63671  -9.76847  5.88423  5.53694  -0.173648  7.53694  
1.56707  -9.79379  5.8969  5.58758  -0.154656  7.58758  
1.48749  -9.82273  5.91137  5.64546  -0.132951  7.64546  
1.40915  -9.85122  5.92561  5.70244  -0.111585  7.70244  
1.3308  -9.87971  5.93985  5.75941  -0.0902194  7.75941  
1.25619  -9.90684  5.95342  5.81368  -0.0698709  7.81368  
1.1791  -9.93487  5.96744  5.86975  -0.0488445  7.86975  
1.10526  -9.96172  5.98086  5.92345  -0.028707  7.92345  
1.04545  -9.98347  5.99174  5.96695  -0.0123944  7.96695  
1.01183  -9.9957  5.99785  5.99139  -0.00322704  7.99139  
1.0006  -9.99978  5.99989  5.99956  -0.000163711  7.99956  
0.999988  -9.99998  5.99999  5.99999  1.54609e-05  7.99999  
0.995738  -9.9933  5.99513  5.99756  0.00547985  7.99574  
0.985034  -9.97648  5.9829  5.99145  0.0192421  7.98503  
0.958671  -9.93505  5.95277  5.97638  0.0531371  7.95867  
0.922024  -9.87747  5.91088  5.95544  0.100255  7.92202  
0.882736  -9.81573  5.86598  5.93299  0.150768  7.88274  
0.841179  -9.75042  5.81849  5.90925  0.204198  7.84118  
0.798282  -9.68302  5.76947  5.88473  0.259351  7.79828  
0.752034  -9.61034  5.71661  5.85831  0.318813  7.75203  
0.713159  -9.54925  5.67218  5.83609  0.368796  7.71316  
0.673613  -9.48711  5.62699  5.81349  0.41964  7.67361  
0.630046  -9.41864  5.5772  5.7886  0.475656  7.63005  
0.58983  -9.35545  5.53123  5.76562  0.527362  7.58983  
0.545592  -9.28593  5.48068  5.74034  0.584239  7.54559  
0.506047  -9.22379  5.43548  5.71774  0.635083  7.50605  
0.462479  -9.15532  5.38569  5.69285  0.691098  7.46248  
0.416231  -9.08265  5.33284  5.66642  0.75056  7.41623  
0.368642  -9.00787  5.27845  5.63922  0.811746  7.36864  
0.33781  -8.95942  5.24321  5.62161  0.851387  7.33781  
0.294913  -8.89201  5.19419  5.59709  0.90654  7.29491  
0.254697  -8.82881  5.14823  5.57411  0.958247  7.2547  
0.205768  -8.75192  5.09231  5.54615  1.02116  7.20577  
0.170914  -8.69715  5.05247  5.52624  1.06597  7.17091  
0.128687  -8.63079  5.00421  5.50211  1.12026  7.12869  
0.0857902  -8.56338  4.95519  5.47759  1.17541  7.08579  
0.044904  -8.49913  4.90846  5.45423  1.22798  7.0449  
0.00334755  -8.43383  4.86097  5.43048  1.28141  7.00335  
-0.0415602  -8.36326  4.80965  5.40482  1.33915  6.95844  
-0.0804356  -8.30217  4.76522  5.38261  1.38913  6.91956  
-0.124003  -8.23371  4.71543  5.35771  1.44515  6.876  
-0.163549  -8.17157  4.67023  5.33512  1.49599  6.83645  
-0.207786  -8.10205  4.61967  5.30984  1.55287  6.79221  
-0.248002  -8.03885  4.57371  5.28686  1.60457  6.752  
-0.292239  -7.96934  4.52315  5.26158  1.66145  6.70776  
-0.332455  -7.90614  4.47719  5.2386  1.71316  6.66754  
-0.376693  -7.83663  4.42664  5.21332  1.77003  6.62331  
-0.42093  -7.76711  4.37608  5.18804  1.82691  6.57907  
-0.459136  -7.70707  4.33242  5.16621  1.87603  6.54086  
-0.500022  -7.64282  4.28569  5.14284  1.9286  6.49998  
-0.540238  -7.57963  4.23973  5.11986  1.98031  6.45976  
-0.583805  -7.51116  4.18994  5.09497  2.03632  6.4162  
-0.624691  -7.44691  4.14321  5.07161  2.08889  6.37531  
-0.67161  -7.37318  4.08959  5.04479  2.14921  6.32839  
-0.710485  -7.31209  4.04516  5.02258  2.1992  6.28951  
-0.750031  -7.24995  3.99996  4.99998  2.25004  6.24997  
-0.792928  -7.18254  3.95094  4.97547  2.30519  6.20707  
-0.837836  -7.11197  3.89962  4.94981  2.36293  6.16216  
-0.880062  -7.04562  3.85136  4.92568  2.41722  6.11994  
-0.9243  -6.9761  3.8008  4.9004  2.4741  6.0757  
-0.961164  -6.91817  3.75867  4.87933  2.5215  6.03884  
-1.00272  -6.85287  3.71118  4.85559  2.57493  5.99728  
-1.04428  -6.78756  3.66368  4.83184  2.62836  5.95572  
-1.08583  -6.72226  3.61619  4.8081  2.68179  5.91417  
-1.12739  -6.65696  3.5687  4.78435  2.73522  5.87261  
-1.1723  -6.58639  3.51737  4.75869  2.79295  5.8277  
-1.21117  -6.5253  3.47294  4.73647  2.84294  5.78883  
-1.25541  -6.45578  3.42239  4.71119  2.89981  5.74459  
-1.30032  -6.38521  3.37106  4.68553  2.95755  5.69968  
-1.33651  -6.32834  3.3297  4.66485  3.00409  5.66349  
-1.38142  -6.25777  3.27838  4.63919  3.06183  5.61858  
-1.42097  -6.19562  3.23318  4.61659  3.11267  5.57903  
-1.46453  -6.12716  3.18339  4.5917  3.16869  5.53547  
-1.50408  -6.06502  3.1382  4.5691  3.21953  5.49592  
-1.55033  -5.99234  3.08534  4.54267  3.27899  5.44967  
-1.59389  -5.92388  3.03555  4.51777  3.33501  5.40611  
-1.63009  -5.867  2.99418  4.49709  3.38154  5.36991  
-1.67165  -5.8017  2.94669  4.47335  3.43497  5.32835  
-1.71588  -5.73218  2.89613  4.44807  3.49185  5.28412  
-1.75476  -5.67109  2.8517  4.42585  3.54183  5.24524  
-1.79967  -5.60052  2.80038  4.40019  3.59957  5.20033  
-1.84055  -5.53627  2.75365  4.37683  3.65214  5.15945  
-1.88278  -5.46992  2.7054  4.3527  3.70643  5.11722  
-1.92501  -5.40356  2.65714  4.32857  3.76072  5.07499  
-1.96589  -5.33931  2.61041  4.3052  3.81329  5.03411  
-2.00812  -5.27296  2.56215  4.28107  3.86758  4.99188  
-2.05236  -5.20344  2.51159  4.2558  3.92446  4.94764  
-2.09257  -5.14024  2.46563  4.23282  3.97616  4.90743  
-2.1415  -5.06335  2.40971  4.20486  4.03907  4.8585  
-2.18507  -4.99489  2.35992  4.17996  4.09509  4.81493  
-2.21791  -4.94328  2.32239  4.16119  4.13732  4.78209  
-2.26416  -4.87061  2.26953  4.13477  4.19678  4.73584  
-2.30237  -4.81057  2.22587  4.11293  4.2459  4.69763  
-2.34325  -4.74632  2.17914  4.08957  4.29847  4.65675  
-2.38347  -4.68312  2.13318  4.06659  4.35017  4.61653  
-2.42636  -4.61571  2.08415  4.04208  4.40533  4.57364  
-2.46792  -4.55041  2.03666  4.01833  4.45876  4.53208  
-2.51149  -4.48195  1.98687  3.99344  4.51477  4.48851  
-2.55237  -4.4177  1.94014  3.97007  4.56734  4.44763  
-2.59929  -4.34397  1.88652  3.94326  4.62766  4.40071  
-2.64018  -4.27972  1.8398  3.9199  4.68023  4.35982  
-2.67704  -4.22179  1.79766  3.89883  4.72763  4.32296  
-2.72664  -4.14385  1.74098  3.87049  4.7914  4.27336  
-2.7615  -4.08908  1.70115  3.85057  4.83621  4.2385  
-2.81177  -4.01008  1.64369  3.82185  4.90084  4.18823  
-2.84528  -3.95742  1.60539  3.8027  4.94393  4.15472  
-2.88885  -3.88895  1.5556  3.7778  4.99995  4.11115  
-2.92906  -3.82576  1.50964  3.75482  5.05165  4.07094  
-2.97531  -3.75308  1.45679  3.72839  5.11112  4.02469  
-3.01285  -3.6941  1.41389  3.70694  5.15937  3.98715  
-3.05507  -3.62774  1.36563  3.68282  5.21367  3.94493  
-3.09663  -3.56244  1.31814  3.65907  5.2671  3.90337  
-3.1469  -3.48344  1.26069  3.63034  5.33173  3.8531  
-3.18041  -3.43078  1.22238  3.61119  5.37482  3.81959  
-3.22331  -3.36337  1.17336  3.58668  5.42997  3.77669  
-3.26286  -3.30123  1.12816  3.56408  5.48081  3.73714  
-3.30642  -3.23276  1.07837  3.53919  5.53683  3.69358  
-3.34731  -3.16851  1.03165  3.51582  5.5894  3.65269  
-3.39289  -3.09689  0.979557  3.48978  5.648  3.60711  
-3.43377  -3.03264  0.93283  3.46642  5.70057  3.56623  
-3.47667  -2.96523  0.883805  3.4419  5.75572  3.52333  
-3.51622  -2.90309  0.83861  3.41931  5.80656  3.48378  
-3.55777  -2.83779  0.791117  3.39556  5.85999  3.44223  
-3.59866  -2.77354  0.74439  3.37219  5.91256  3.40134  
-3.64357  -2.70297  0.693067  3.34653  5.9703  3.35643  
-3.68378  -2.63977  0.647106  3.32355  6.02201  3.31622  
-3.72869  -2.5692  0.595783  3.29789  6.07974  3.27131  
-3.76958  -2.50495  0.549055  3.27453  6.13231  3.23042  
-3.81985  -2.42596  0.491604  3.2458  6.19695  3.18015  
-3.85135  -2.37645  0.455601  3.2278  6.23745  3.14865  
-3.89156  -2.31326  0.40964  3.20482  6.28915  3.10844  
-3.93446  -2.24585  0.360615  3.18031  6.34431  3.06554  
-3.98138  -2.17212  0.306994  3.1535  6.40463  3.01862  
-4.01892  -2.11313  0.264097  3.13205  6.45289  2.98108  
-4.06315  -2.04362  0.21354  3.10677  6.50977  2.93685  
-4.10203  -1.98253  0.169111  3.08456  6.55975  2.89797  
-4.14425  -1.91617  0.120852  3.06043  6.61404  2.85575  
-4.18581  -1.85087  0.0733585  3.03668  6.66747  2.81419  
-4.23005  -1.78135  0.0228014  3.0114  6.72435  2.76995  
-4.27026  -1.71816  -0.0231597  2.98842  6.77605  2.72974  
-4.31651  -1.64548  -0.0760149  2.96199  6.83552  2.68349  
-4.35204  -1.58966  -0.116614  2.94169  6.88119  2.64796  
-4.39694  -1.51909  -0.167937  2.91603  6.93893  2.60306  
-4.44252  -1.44746  -0.220026  2.88999  6.99753  2.55748  
-4.48408  -1.38216  -0.267519  2.86624  7.05096  2.51592  
-4.52094  -1.32423  -0.30965  2.84517  7.09836  2.47906  
-4.56317  -1.25787  -0.357909  2.82105  7.15265  2.43683  
-4.6054  -1.19152  -0.406168  2.79692  7.20694  2.3946  
-4.64628  -1.12727  -0.452896  2.77355  7.25951  2.35372  
-4.68851  -1.06091  -0.501155  2.74942  7.3138  2.31149  
-4.73074  -0.994556  -0.549414  2.72529  7.36809  2.26926  
-4.7743  -0.926093  -0.599205  2.7004  7.42411  2.2257  
-4.82055  -0.853417  -0.65206  2.67397  7.48357  2.17945  
-4.85675  -0.79654  -0.693425  2.65329  7.5301  2.14325  
-4.89763  -0.732291  -0.740152  2.62992  7.58267  2.10237  
-4.93986  -0.665934  -0.788411  2.60579  7.63696  2.06014  
-4.98343  -0.597472  -0.838202  2.5809  7.69298  2.01657  
-5.02297  -0.535328  -0.883397  2.5583  7.74382  1.97703  
-5.0652  -0.468972  -0.931657  2.53417  7.79811  1.9348  
-5.10676  -0.403669  -0.97915  2.51043  7.85154  1.89324  
-5.15367  -0.32994  -1.03277  2.48361  7.91187  1.84633  
-5.19188  -0.269903  -1.07643  2.46178  7.96099  1.80812  
-5.23277  -0.205654  -1.12316  2.43842  8.01356  1.76723  
-5.27566  -0.138244  -1.17219  2.41391  8.06871  1.72434  
-5.31655  -0.0739944  -1.21891  2.39054  8.12128  1.68345  
-5.35878  -0.00763811  -1.26717  2.36641  8.17557  1.64122  
-5.40435  0.0639845  -1.31926  2.34037  8.23417  1.59565  
-5.44256  0.124021  -1.36292  2.31854  8.28329  1.55744  
-5.48546  0.191431  -1.41195  2.29403  8.33844  1.51454  
-5.52701  0.256734  -1.45944  2.27028  8.39187  1.47299  
-5.57058  0.325197  -1.50923  2.24538  8.44789  1.42942  
-5.60946  0.386286  -1.55366  2.22317  8.49787  1.39054  
-5.65168  0.452643  -1.60192  2.19904  8.55216  1.34832  
-5.69525  0.521106  -1.65171  2.17414  8.60818  1.30475  
-5.74284  0.595888  -1.7061  2.14695  8.66936  1.25716  
-5.77836  0.651712  -1.7467  2.12665  8.71504  1.22164  
-5.82461  0.724387  -1.79955  2.10022  8.7745  1.17539  
-5.8608  0.781264  -1.84092  2.07954  8.82103  1.1392  
-5.9037  0.848669  -1.88994  2.05503  8.87618  1.0963  
-5.94798  0.918262  -1.94055  2.02972  8.93312  1.05202  
-5.97549  0.961481  -1.97199  2.01401  8.96848  1.02451  
-5.99316  0.989253  -1.99218  2.00391  8.99121  1.00684  
-5.99951  0.999231  -1.99944  2.00028  8.99937  1.00049  
-6  1  -2  2  9  0.999999  
-5.99671  1.00183  -1.99708  2.00037  8.99525  0.998539  
-5.98156  1.01024  -1.98361  2.00205  8.97337  0.991805  
-5.94891  1.02838  -1.95459  2.00568  8.92621  0.977295  
-5.89816  1.05658  -1.90947  2.01132  8.8529  0.954737  
-5.83882  1.08954  -1.85673  2.01791  8.76718  0.928365  
-5.77872  1.12293  -1.80331  2.02459  8.68037  0.901653  
-5.71671  1.15738  -1.74819  2.03148  8.5908  0.874093  
-5.66042  1.18865  -1.69815  2.03773  8.5095  0.849077  
-5.60127  1.22151  -1.64558  2.0443  8.42406  0.822789  
-5.54022  1.25543  -1.59131  2.05109  8.33587  0.795653  
-5.47916  1.28935  -1.53703  2.05787  8.24768  0.768517  
-5.41429  1.32539  -1.47937  2.06508  8.15398  0.739685  
-5.36278  1.35401  -1.43358  2.0708  8.07956  0.716789  
-5.30172  1.38793  -1.37931  2.07759  7.99137  0.689653  
-5.23971  1.42238  -1.32419  2.08448  7.9018  0.662093  
-5.18342  1.45365  -1.27415  2.09073  7.8205  0.637077  
-5.12141  1.4881  -1.21903  2.09762  7.73093  0.609517  
-5.06513  1.51937  -1.169  2.10387  7.64963  0.584501  
-5.00026  1.55541  -1.11134  2.11108  7.55593  0.555669  
-4.93538  1.59145  -1.05367  2.11829  7.46222  0.526837  
-4.8686  1.62855  -0.994315  2.12571  7.36576  0.497157  
-4.82472  1.65293  -0.955307  2.13059  7.30237  0.477653  
-4.76462  1.68632  -0.901883  2.13726  7.21556  0.450941  
-4.70547  1.71918  -0.849307  2.14384  7.13012  0.424654  
-4.64632  1.75204  -0.796731  2.15041  7.04469  0.398366  
-4.58622  1.78543  -0.743307  2.15709  6.95787  0.371654  
-4.52707  1.81829  -0.690731  2.16366  6.87244  0.345366  
-4.46792  1.85115  -0.638155  2.17023  6.787  0.319078  
-4.40115  1.88825  -0.578796  2.17765  6.69054  0.289398  
-4.34868  1.9174  -0.532156  2.18348  6.61475  0.266078  
-4.28762  1.95132  -0.477884  2.19026  6.52656  0.238942  
-4.22847  1.98418  -0.425308  2.19684  6.44113  0.212654  
-4.17123  2.01598  -0.374428  2.2032  6.35845  0.187214  
-4.11018  2.0499  -0.320156  2.20998  6.27025  0.160078  
-4.05007  2.08329  -0.266732  2.21666  6.18344  0.133366  
-3.99093  2.11615  -0.214156  2.22323  6.098  0.107078  
-3.92987  2.15007  -0.159884  2.23001  6.00981  0.0799422  
-3.87263  2.18187  -0.109005  2.23637  5.92713  0.0545023  
-3.81253  2.21526  -0.0555807  2.24305  5.84032  0.0277903  
-3.75147  2.24918  -0.00130876  2.24984  5.75213  0.000654382  
-3.69042  2.2831  0.0529631  2.25662  5.66393  -0.0264816  
-3.63318  2.3149  0.103843  2.26298  5.58126  -0.0519215  
-3.57307  2.34829  0.157267  2.26966  5.49444  -0.0786335  
-3.51297  2.38168  0.210691  2.27634  5.40763  -0.105345  
-3.45478  2.41401  0.262419  2.2828  5.32357  -0.131209  
-3.39372  2.44793  0.316691  2.28959  5.23538  -0.158345  
-3.33553  2.48026  0.368418  2.29605  5.15132  -0.184209  
-3.27447  2.51418  0.42269  2.30284  5.06313  -0.211345  
-3.21723  2.54598  0.47357  2.3092  4.98045  -0.236785  
-3.15522  2.58043  0.52869  2.31609  4.89088  -0.264345  
-3.09417  2.61435  0.582962  2.32287  4.80269  -0.291481  
-3.03025  2.64986  0.639778  2.32997  4.71036  -0.319889  
-2.9711  2.68272  0.692354  2.33654  4.62492  -0.346177  
-2.91863  2.71187  0.738994  2.34237  4.54914  -0.369497  
-2.85662  2.74632  0.794114  2.34926  4.45957  -0.397057  
-2.7908  2.78289  0.852626  2.35658  4.36448  -0.426313  
-2.73642  2.8131  0.900961  2.36262  4.28594  -0.450481  
-2.67918  2.8449  0.951841  2.36898  4.20326  -0.475921  
-2.62098  2.87723  1.00357  2.37545  4.1192  -0.501785  
-2.55993  2.91115  1.05784  2.38223  4.03101  -0.528921  
-2.49983  2.94454  1.11127  2.38891  3.94419  -0.555633  
-2.43972  2.97793  1.16469  2.39559  3.85738  -0.582344  
-2.37867  3.01185  1.21896  2.40237  3.76919  -0.60948  
-2.32334  3.04259  1.26814  2.40852  3.68926  -0.634072  
-2.26324  3.07598  1.32157  2.4152  3.60245  -0.660784  
-2.20218  3.1099  1.37584  2.42198  3.51426  -0.68792  
-2.14112  3.14382  1.43011  2.42876  3.42607  -0.715056  
-2.08484  3.17509  1.48014  2.43502  3.34477  -0.740072  
-2.01138  3.2159  1.54544  2.44318  3.23866  -0.77272  
-1.96368  3.2424  1.58784  2.44848  3.16976  -0.79392  
-1.89976  3.27791  1.64466  2.45558  3.07743  -0.822328  
-1.84443  3.30865  1.69384  2.46173  2.99751  -0.84692  
-1.78433  3.34204  1.74726  2.46841  2.9107  -0.873632  
-1.72327  3.37596  1.80154  2.47519  2.8225  -0.900768  
-1.66603  3.40776  1.85242  2.48155  2.73982  -0.926208  
-1.60593  3.44115  1.90584  2.48823  2.65301  -0.95292  
-1.54487  3.47507  1.96011  2.49501  2.56482  -0.980056  
-1.48573  3.50793  2.01269  2.50159  2.47938  -1.00634  
-1.42276  3.54291  2.06866  2.50858  2.38844  -1.03433  
-1.36743  3.57365  2.11784  2.51473  2.30851  -1.05892  
-1.29588  3.6134  2.18144  2.52268  2.20516  -1.09072  
-1.24723  3.64043  2.22469  2.52809  2.13488  -1.11234  
-1.18903  3.67276  2.27641  2.53455  2.05083  -1.13821  
-1.12893  3.70615  2.32984  2.54123  1.96401  -1.16492  
-1.06788  3.74007  2.38411  2.54801  1.87582  -1.19206  
-1.01159  3.77134  2.43414  2.55427  1.79452  -1.21707  
-0.94481  3.80844  2.4935  2.56169  1.69806  -1.24675  
-0.884708  3.84183  2.54693  2.56837  1.61125  -1.27346  
-0.822698  3.87628  2.60205  2.57526  1.52168  -1.30102  
-0.770228  3.90543  2.64869  2.58109  1.44589  -1.32434  
-0.710126  3.93882  2.70211  2.58776  1.35907  -1.35105  
-0.652887  3.97062  2.75299  2.59412  1.27639  -1.37649  
-0.585153  4.00825  2.8132  2.60165  1.17855  -1.4066  
-0.532683  4.0374  2.85984  2.60748  1.10276  -1.42992  
-0.470673  4.07185  2.91496  2.61437  1.01319  -1.45748  
-0.410571  4.10524  2.96838  2.62105  0.92638  -1.48419  
-0.353331  4.13704  3.01926  2.62741  0.843701  -1.50963  
-0.290367  4.17202  3.07523  2.6344  0.752753  -1.53761  
-0.232173  4.20435  3.12696  2.64087  0.668695  -1.56348  
-0.175888  4.23562  3.17699  2.64712  0.587393  -1.58849  
-0.115786  4.26901  3.23041  2.6538  0.500579  -1.61521  
-0.0556837  4.3024  3.28384  2.66048  0.413765  -1.64192  
0.00918812  4.33844  3.3415  2.66769  0.320062  -1.67075  
0.06452  4.36918  3.39068  2.67384  0.240138  -1.69534  
0.124622  4.40257  3.44411  2.68051  0.153324  -1.72205  
0.182816  4.4349  3.49584  2.68698  0.0692661  -1.74792  
0.242918  4.46829  3.54926  2.69366  -0.0175477  -1.77463  
0.308744  4.50486  3.60777  2.70097  -0.11263  -1.80389  
0.361213  4.53401  3.65441  2.7068  -0.188419  -1.82721  
0.422269  4.56793  3.70868  2.71359  -0.276611  -1.85434  
0.484279  4.60238  3.7638  2.72048  -0.366181  -1.8819  
0.540565  4.63365  3.81384  2.72673  -0.447483  -1.90692  
0.612115  4.6734  3.87744  2.73468  -0.550833  -1.93872  
0.659815  4.6999  3.91984  2.73998  -0.619733  -1.95992  
0.723733  4.73541  3.97665  2.74708  -0.712058  -1.98833  
0.778111  4.76562  4.02499  2.75312  -0.790604  -2.01249  
0.837258  4.79848  4.07756  2.7597  -0.87604  -2.03878  
0.898314  4.8324  4.13183  2.76648  -0.964232  -2.06592  
0.960324  4.86685  4.18695  2.77337  -1.0538  -2.09348  
1.02329  4.90183  4.24292  2.78037  -1.14475  -2.12146  
1.10533  4.94741  4.31585  2.78948  -1.26326  -2.15793  
1.13777  4.96543  4.34468  2.79309  -1.31011  -2.17234  
1.19596  4.99776  4.39641  2.79955  -1.39417  -2.19821  
1.2637  5.03539  4.45662  2.80708  -1.492  -2.22831  
1.31521  5.06401  4.50241  2.8128  -1.56642  -2.25121  
1.37436  5.09687  4.55499  2.81937  -1.65185  -2.27749  
1.43255  5.1292  4.60671  2.82584  -1.73591  -2.30336  
1.50029  5.16683  4.66692  2.83337  -1.83375  -2.33346  
1.55848  5.19916  4.71865  2.83983  -1.91781  -2.35932  
1.61286  5.22937  4.76699  2.84587  -1.99635  -2.38349  
1.67487  5.26382  4.82211  2.85276  -2.08592  -2.41105  
1.73115  5.29509  4.87214  2.85902  -2.16722  -2.43607  
1.79316  5.32954  4.92726  2.86591  -2.25679  -2.46363  
1.85327  5.36293  4.98068  2.87259  -2.34361  -2.49034  
1.97252  5.42918  5.08668  2.88584  -2.51586  -2.54334  
2.03453  5.46363  5.1418  2.89273  -2.60543  -2.5709  
2.09272  5.49596  5.19353  2.89919  -2.68948  -2.59676  
2.14996  5.52776  5.24441  2.90555  -2.77216  -2.6222  
2.21769  5.56539  5.30462  2.91308  -2.87  -2.65231  
2.27684  5.59825  5.35719  2.91965  -2.95544  -2.6786  
2.32931  5.6274  5.40383  2.92548  -3.03123  -2.70192  
2.39323  5.66291  5.46065  2.93258  -3.12355  -2.73032  
2.44856  5.69365  5.50983  2.93873  -3.20348  -2.75492  
2.52107  5.73393  5.57428  2.94679  -3.30821  -2.78714  
2.56877  5.76043  5.61668  2.95209  -3.37711  -2.80834  
2.62982  5.79434  5.67095  2.95887  -3.4653  -2.83548  
2.68706  5.82614  5.72183  2.96523  -3.54798  -2.86092  
2.74907  5.86059  5.77695  2.97212  -3.63755  -2.88848  
2.80631  5.89239  5.82783  2.97848  -3.72023  -2.91392  
2.86735  5.92631  5.88209  2.98526  -3.80839  -2.94104  
2.92157  5.95643  5.93029  2.99129  -3.88672  -2.96514  
2.97025  5.98347  5.97355  2.99669  -3.95702  -2.98678  
2.99096  5.99498  5.99197  2.999  -3.98695  -2.99598  
2.99938  5.99965  5.99945  2.99993  -3.9991  -2.99972  
2.99999  5.99998  5.99998  2.99999  -3.99998  -2.99999  
2.99825  5.9965  5.9965  2.99825  -3.99766  -2.99825  
2.99388  5.98775  5.98775  2.99388  -3.99183  -2.99388  
2.98489  5.96978  5.96978  2.98489  -3.97985  -2.98489  
2.97309  5.94619  5.94619  2.97309  -3.96412  -2.97309  
2.96249  5.92499  5.92499  2.96249  -3.94999  -2.96249  
2.95171  5.90343  5.90343  2.95171  -3.93562  -2.95171  
2.94002  5.88004  5.88004  2.94002  -3.92002  -2.94002  
2.92741  5.85482  5.85482  2.92741  -3.90321  -2.92741  
2.91736  5.83472  5.83472  2.91736  -3.88981  -2.91736  
2.90585  5.81169  5.81169  2.90585  -3.87446  -2.90585  
2.89415  5.7883  5.7883  2.89415  -3.85887  -2.89415  
2.88191  5.76381  5.76381  2.88191  -3.84254  -2.88191  
2.87149  5.74298  5.74298  2.87149  -3.82865  -2.87149  
2.86016  5.72032  5.72032  2.86016  -3.81355  -2.86016  
2.84847  5.69693  5.69693  2.84847  -3.79795  -2.84847  
2.8375  5.675  5.675  2.8375  -3.78334  -2.8375  
2.82617  5.65234  5.65234  2.82617  -3.76823  -2.82617  
2.81448  5.62895  5.62895  2.81448  -3.75264  -2.81448  
2.80223  5.60447  5.60447  2.80223  -3.73631  -2.80223  
2.79182  5.58363  5.58363  2.79182  -3.72242  -2.79182  
2.77793  5.55586  5.55586  2.77793  -3.70391  -2.77793  
2.76879  5.53758  5.53758  2.76879  -3.69172  -2.76879  
2.75673  5.51346  5.51346  2.75673  -3.67564  -2.75673  
2.74522  5.49044  5.49044  2.74522  -3.66029  -2.74522  
2.73334  5.46668  5.46668  2.73334  -3.64445  -2.73334  
2.72329  5.44658  5.44658  2.72329  -3.63105  -2.72329  
2.71105  5.42209  5.42209  2.71105  -3.61473  -2.71105  
2.70045  5.4009  5.4009  2.70045  -3.6006  -2.70045  
2.68766  5.37531  5.37531  2.68766  -3.58354  -2.68766  
2.67742  5.35485  5.35485  2.67742  -3.5699  -2.67742  
2.66628  5.33255  5.33255  2.66628  -3.55503  -2.66628  
2.6533  5.3066  5.3066  2.6533  -3.53774  -2.6533  
2.64325  5.2865  5.2865  2.64325  -3.52433  -2.64325  
2.63119  5.26238  5.26238  2.63119  -3.50825  -2.63119  
2.62004  5.24009  5.24009  2.62004  -3.49339  -2.62004  
2.6089  5.21779  5.21779  2.6089  -3.47853  -2.6089  
2.59537  5.19075  5.19075  2.59537  -3.4605  -2.59537  
2.58624  5.17247  5.17247  2.58624  -3.44832  -2.58624  
2.57418  5.14835  5.14835  2.57418  -3.43223  -2.57418  
2.56376  5.12752  5.12752  2.56376  -3.41835  -2.56376  
2.5506  5.10121  5.10121  2.5506  -3.4008  -2.5506  
2.54019  5.08037  5.08037  2.54019  -3.38692  -2.54019  
2.52867  5.05735  5.05735  2.52867  -3.37157  -2.52867  
2.51607  5.03213  5.03213  2.51607  -3.35475  -2.51607  
2.504  5.00801  5.00801  2.504  -3.33867  -2.504  
2.49487  4.98973  4.98973  2.49487  -3.32649  -2.49487  
2.48335  4.96671  4.96671  2.48335  -3.31114  -2.48335  
2.47184  4.94368  4.94368  2.47184  -3.29579  -2.47184  
2.46015  4.92029  4.92029  2.46015  -3.2802  -2.46015  
2.449  4.898  4.898  2.449  -3.26533  -2.449  
2.43749  4.87498  4.87498  2.43749  -3.24998  -2.43749  
2.42634  4.85268  4.85268  2.42634  -3.23512  -2.42634  
2.41519  4.83039  4.83039  2.41519  -3.22026  -2.41519  
2.4035  4.807  4.807  2.40368  -3.20491  -2.40368  
2.39162  4.78324  4.78324  2.39162  -3.18883  -2.39162  
2.38047  4.76095  4.76095  2.38047  -3.17396  -2.38047  
2.36786  4.73573  4.73573  2.36786  -3.15715  -2.36786  
2.35781  4.71563  4.71563  2.35781  -3.14375  -2.35781  
2.34594  4.69187  4.69187  2.34594  -3.12791  -2.34594  
2.33497  4.66994  4.66994  2.33497  -3.1133  -2.33497  
2.32255  4.64509  4.64509  2.32255  -3.09673  -2.32255  
2.31213  4.62426  4.62426  2.31213  -3.08284  -2.31213  
2.30007  4.60014  4.60014  2.30007  -3.06676  -2.30007  
2.28892  4.57784  4.57784  2.28892  -3.0519  -2.28892  
2.27796  4.55591  4.55591  2.27796  -3.03728  -2.27796  
2.26608  4.53216  4.53216  2.26608  -3.02144  -2.26608  
2.25475  4.5095  4.5095  2.25475  -3.00633  -2.25475  
2.2436  4.4872  4.4872  2.2436  -2.99147  -2.2436  
2.23154  4.46308  4.46308  2.23154  -2.97539  -2.23154  
2.22094  4.44189  4.44189  2.22094  -2.96126  -2.22094  
2.20906  4.41813  4.41813  2.20906  -2.94542  -2.20906  
2.19627  4.39255  4.39255  2.19627  -2.92836  -2.19627  
2.18604  4.37208  4.37208  2.18604  -2.91472  -2.18604  
2.17416  4.34832  4.34832  2.17416  -2.89888  -2.17416  
2.16283  4.32566  4.32566  2.16283  -2.88378  -2.16283  
2.15223  4.30447  4.30447  2.15223  -2.86964  -2.15223  
2.13926  4.27852  4.27852  2.13926  -2.85234  -2.13926  
2.12939  4.25878  4.25878  2.12939  -2.83919  -2.12939  
2.11788  4.23576  4.23576  2.11788  -2.82384  -2.11788  
2.10673  4.21346  4.21346  2.10673  -2.80898  -2.10673  
2.09376  4.18751  4.18751  2.09376  -2.79168  -2.09376  
2.08389  4.16778  4.16778  2.08389  -2.77852  -2.08389  
2.07165  4.14329  4.14329  2.07165  -2.76219  -2.07165  
2.0594  4.1188  4.1188  2.0594  -2.74587  -2.0594  
2.04698  4.09395  4.09395  2.04698  -2.7293  -2.04698  
2.03802  4.07604  4.07604  2.03802  -2.71736  -2.03802  
2.02651  4.05302  4.05302  2.02651  -2.70201  -2.02651  
2.01554  4.03109  4.03109  2.01554  -2.68739  -2.01554  
2.00403  4.00806  4.00806  2.00403  -2.67204  -2.00403  
1.99215  3.98431  3.98431  1.99215  -2.65621  -1.99215  
1.98064  3.96128  3.96128  1.98064  -2.64086  -1.98064  
1.96968  3.93936  3.93936  1.96968  -2.62624  -1.96968  
1.95743  3.91487  3.91487  1.95743  -2.60991  -1.95743  
1.94665  3.89331  3.89331  1.94665  -2.59554  -1.94665  
1.93514  3.87028  3.87028  1.93514  -2.58019  -1.93514  
1.92235  3.8447  3.8447  1.92235  -2.56313  -1.92235  
1.91248  3.82496  3.82496  1.91248  -2.54997  -1.91248  
1.90097  3.80194  3.80194  1.90097  -2.53462  -1.90097  
1.88909  3.77818  3.77818  1.88909  -2.51879  -1.88909  
1.87666  3.75333  3.75333  1.87666  -2.50222  -1.87666  
1.86588  3.73176  3.73176  1.86588  -2.48784  -1.86588  
1.85455  3.7091  3.7091  1.85455  -2.47274  -1.85455  
1.84341  3.68681  3.68681  1.84341  -2.45787  -1.84341  
1.83226  3.66452  3.66452  1.83226  -2.44301  -1.83226  
1.82038  3.64076  3.64076  1.82038  -2.42717  -1.82038  
1.80942  3.61883  3.61883  1.80942  -2.41255  -1.80942  
1.79772  3.59544  3.59544  1.79772  -2.39696  -1.79772  
1.78676  3.57351  3.57351  1.78676  -2.38234  -1.78676  
1.77415  3.5483  3.5483  1.77415  -2.36553  -1.77415  
1.7641  3.52819  3.52819  1.7641  -2.35213  -1.7641  
1.75277  3.50553  3.50553  1.75277  -2.33702  -1.75277  
1.74071  3.48141  3.48141  1.74071  -2.32094  -1.74071  
1.72974  3.45948  3.45948  1.72974  -2.30632  -1.72974  
1.71805  3.43609  3.43609  1.71805  -2.29073  -1.71805  
1.70617  3.41234  3.41234  1.70617  -2.27489  -1.70617  
1.69484  3.38968  3.38968  1.69484  -2.25979  -1.69484  
1.68406  3.36812  3.36812  1.68406  -2.24541  -1.68406  
1.67218  3.34436  3.34436  1.67218  -2.22957  -1.67218  
1.66103  3.32207  3.32207  1.66103  -2.21471  -1.66103  
1.64824  3.29648  3.29648  1.64824  -2.19765  -1.64824  
1.63782  3.27565  3.27565  1.63782  -2.18377  -1.63782  
1.62686  3.25372  3.25372  1.62686  -2.16915  -1.62686  
1.61517  3.23033  3.23033  1.61517  -2.15355  -1.61517  
1.60402  3.20804  3.20804  1.60402  -2.13869  -1.60402  
1.59123  3.18245  3.18245  1.59123  -2.12164  -1.59123  
1.58136  3.16272  3.16272  1.58136  -2.10848  -1.58136  
1.57003  3.14006  3.14006  1.57003  -2.09337  -1.57003  
1.55815  3.1163  3.1163  1.55815  -2.07753  -1.55815  
1.54609  3.09218  3.09218  1.54609  -2.06145  -1.54609  
1.53513  3.07025  3.07025  1.53513  -2.04683  -1.53513  
1.52398  3.04796  3.04796  1.52398  -2.03197  -1.52398  
1.51228  3.02457  3.02457  1.51228  -2.01638  -1.51228  
1.50059  3.00118  3.00118  1.50059  -2.00078  -1.50059  
1.48889  2.97779  2.97779  1.48889  -1.98519  -1.48889  
1.47793  2.95586  2.95586  1.47793  -1.97057  -1.47793  
1.46678  2.93356  2.93356  1.46678  -1.95571  -1.46678  
1.45563  2.91127  2.91127  1.45563  -1.94085  -1.45563  
1.44394  2.88788  2.88788  1.44394  -1.92525  -1.44394  
1.43279  2.86558  2.86558  1.43279  -1.91039  -1.43279  
1.42128  2.84256  2.84256  1.42128  -1.89504  -1.42128  
1.40977  2.81953  2.81953  1.40977  -1.87969  -1.40977  
1.39844  2.79688  2.79688  1.39844  -1.86458  -1.39844  
1.38711  2.77422  2.77422  1.38711  -1.84948  -1.38711  
1.37432  2.74863  2.74863  1.37432  -1.83242  -1.37432  
1.36408  2.72817  2.72817  1.36408  -1.81878  -1.36408  
1.35257  2.70514  2.70514  1.35257  -1.80343  -1.35257  
1.34069  2.68138  2.68138  1.34069  -1.78759  -1.34069  
1.32845  2.6569  2.6569  1.32845  -1.77127  -1.32845  
1.31858  2.63716  2.63716  1.31858  -1.75811  -1.31858  
1.30689  2.61377  2.61377  1.30689  -1.74251  -1.30689  
1.29519  2.59038  2.59038  1.29519  -1.72692  -1.29519  
1.28404  2.56809  2.56809  1.28404  -1.71206  -1.28404  
1.27308  2.54616  2.54616  1.27308  -1.69744  -1.27308  
1.2612  2.5224  2.5224  1.2612  -1.6816  -1.2612  
1.24896  2.49792  2.49792  1.24896  -1.66528  -1.24896  
1.23708  2.47416  2.47416  1.23708  -1.64944  -1.23708  
1.22557  2.45113  2.45113  1.22557  -1.63409  -1.22557  
1.21552  2.43103  2.43103  1.21552  -1.62069  -1.21552  
1.20364  2.40728  2.40728  1.20364  -1.60485  -1.20364  
1.19286  2.38571  2.38571  1.19286  -1.59048  -1.19286  
1.18116  2.36232  2.36232  1.18116  -1.57488  -1.18116  
1.17001  2.34003  2.34003  1.17001  -1.56002  -1.17001  
1.15832  2.31664  2.31664  1.15832  -1.54443  -1.15832  
1.14626  2.29252  2.29252  1.14626  -1.52834  -1.14626  
1.13456  2.26913  2.26913  1.13456  -1.51275  -1.13456  
1.12433  2.24866  2.24866  1.12433  -1.49911  -1.12433  
1.11263  2.22527  2.22527  1.11263  -1.48351  -1.11263  
1.10131  2.20261  2.20261  1.10131  -1.46841  -1.10131  
1.09016  2.18032  2.18032  1.09016  -1.45354  -1.09016  
1.07846  2.15693  2.15693  1.07846  -1.43795  -1.07846  
1.06695  2.1339  2.1339  1.06695  -1.4226  -1.06695  
1.05434  2.10868  2.10868  1.05434  -1.40579  -1.05434  
1.04155  2.0831  2.0831  1.04155  -1.38873  -1.04155  
1.03132  2.06263  2.06263  1.03132  -1.37509  -1.03132  
1.02145  2.0429  2.0429  1.02145  -1.36193  -1.02145  
1.0103  2.0206  2.0206  1.0103  -1.34707  -1.0103  
0.995134  1.99027  1.99027  0.995134  -1.32685  -0.995134  
0.987276  1.97455  1.97455  0.987276  -1.31637  -0.987276  
0.975216  1.95043  1.95043  0.975216  -1.30029  -0.975216  
0.964251  1.9285  1.9285  0.964251  -1.28567  -0.964251  
0.952922  1.90584  1.90584  0.952922  -1.27056  -0.952922  
0.941226  1.88245  1.88245  0.941226  -1.25497  -0.941226  
0.929714  1.85943  1.85943  0.929714  -1.23962  -0.929714  
0.918567  1.83713  1.83713  0.918567  -1.22476  -0.918567  
0.90413  1.80826  1.80826  0.90413  -1.20551  -0.90413  
0.895359  1.79072  1.79072  0.895359  -1.19381  -0.895359  
0.883664  1.76733  1.76733  0.883664  -1.17822  -0.883664  
0.871968  1.74394  1.74394  0.871968  -1.16262  -0.871968  
0.861735  1.72347  1.72347  0.861735  -1.14898  -0.861735  
0.85004  1.70008  1.70008  0.85004  -1.13339  -0.85004  
0.838527  1.67705  1.67705  0.838527  -1.11804  -0.838527  
0.825918  1.65184  1.65184  0.825918  -1.10122  -0.825918  
0.814589  1.62918  1.62918  0.814589  -1.08612  -0.814589  
0.804355  1.60871  1.60871  0.804355  -1.07247  -0.804355  
0.792843  1.58569  1.58569  0.792843  -1.05712  -0.792843  
0.780234  1.56047  1.56047  0.780234  -1.04031  -0.780234  
0.770549  1.5411  1.5411  0.770549  -1.0274  -0.770549  
0.758671  1.51734  1.51734  0.758671  -1.01156  -0.758671  
0.746975  1.49395  1.49395  0.746975  -0.995967  -0.746975  
0.736011  1.47202  1.47202  0.736011  -0.981348  -0.736011  
0.724499  1.449  1.449  0.724499  -0.965998  -0.724499  
0.713352  1.4267  1.4267  0.713352  -0.951135  -0.713352  
0.700925  1.40185  1.40185  0.700925  -0.934567  -0.700925  
0.689047  1.37809  1.37809  0.689047  -0.91873  -0.689047  
0.678814  1.35763  1.35763  0.678814  -0.905085  -0.678814  
0.667484  1.33497  1.33497  0.667484  -0.889979  -0.667484  
0.655972  1.31194  1.31194  0.655972  -0.874629  -0.655972  
0.644642  1.28928  1.28928  0.644642  -0.859523  -0.644642  
0.630937  1.26187  1.26187  0.630937  -0.841249  -0.630937  
0.620521  1.24104  1.24104  0.620521  -0.827361  -0.620521  
0.609739  1.21948  1.21948  0.609739  -0.812985  -0.609739  
0.598957  1.19791  1.19791  0.598957  -0.79861  -0.598957  
0.586166  1.17233  1.17233  0.586166  -0.781554  -0.586166  
0.57575  1.1515  1.1515  0.57575  -0.767666  -0.57575  
0.564237  1.12847  1.12847  0.564237  -0.752316  -0.564237  
0.552907  1.10581  1.10581  0.552907  -0.73721  -0.552907  
0.541578  1.08316  1.08316  0.541578  -0.722103  -0.541578  
0.530248  1.0605  1.0605  0.530248  -0.706997  -0.530248  
0.518187  1.03637  1.03637  0.518187  -0.690916  -0.518187  
0.506126  1.01225  1.01225  0.506126  -0.674835  -0.506126  
0.493883  0.987766  0.987766  0.493883  -0.658511  -0.493883  
0.484563  0.969126  0.969126  0.484563  -0.646084  -0.484563  
0.473233  0.946467  0.946467  0.473233  -0.630978  -0.473233  
0.461904  0.923807  0.923807  0.461904  -0.615872  -0.461904  
0.449112  0.898224  0.898224  0.449112  -0.598816  -0.449112  
0.439061  0.878123  0.878123  0.439061  -0.585415  -0.439061  
0.427183  0.854367  0.854367  0.427183  -0.569578  -0.427183  
0.416219  0.832438  0.832438  0.416219  -0.554959  -0.416219  
0.404889  0.809779  0.809779  0.404889  -0.539852  -0.404889  
0.393377  0.786754  0.786754  0.393377  -0.524502  -0.393377  
0.381316  0.762632  0.762632  0.381316  -0.508421  -0.381316  
0.368707  0.737414  0.737414  0.368707  -0.49161  -0.368707  
0.359387  0.718775  0.718775  0.359387  -0.479183  -0.359387  
0.347692  0.695384  0.695384  0.347692  -0.46359  -0.347692  
0.33618  0.672359  0.672359  0.33618  -0.44824  -0.33618  
0.325033  0.650065  0.650065  0.325033  -0.433377  -0.325033  
0.313337  0.626675  0.626675  0.313337  -0.417783  -0.313337  
0.299449  0.598899  0.598899  0.299449  -0.399266  -0.299449  
0.290678  0.581356  0.581356  0.290678  -0.387571  -0.290678  
0.278983  0.557965  0.557965  0.278983  -0.371977  -0.278983  
0.266374  0.532747  0.532747  0.266374  -0.355165  -0.266374  
0.255227  0.510453  0.510453  0.255227  -0.340302  -0.255227  
0.24408  0.488159  0.488159  0.24408  -0.325439  -0.24408  
0.232019  0.464038  0.464038  0.232019  -0.309359  -0.232019  
0.219958  0.439916  0.439916  0.219958  -0.293278  -0.219958  
0.210456  0.420912  0.420912  0.210456  -0.280608  -0.210456  
0.199126  0.398252  0.398252  0.199126  -0.265501  -0.199126  
0.187431  0.374861  0.374861  0.187431  -0.249908  -0.187431  
0.176101  0.352202  0.352202  0.176101  -0.234801  -0.176101  
0.164954  0.329908  0.329908  0.164954  -0.219939  -0.164954  
0.153076  0.306152  0.306152  0.153076  -0.204101  -0.153076  
0.141563  0.283127  0.283127  0.141563  -0.188751  -0.141563  
0.130599  0.261198  0.261198  0.130599  -0.174132  -0.130599  
0.119269  0.238539  0.238539  0.119269  -0.159026  -0.119269  
0.10794  0.215879  0.215879  0.10794  -0.143919  -0.10794  
0.0964271  0.192854  0.192854  0.0964271  -0.128569  -0.0964271  
0.0843663  0.168733  0.168733  0.0843663  -0.112488  -0.0843663  
0.0735848  0.14717  0.14717  0.0735848  -0.098113  -0.0735848  
0.0620723  0.124145  0.124145  0.0620723  -0.082763  -0.0620723  
0.0507425  0.101485  0.101485  0.0507425  -0.0676566  -0.0507425  
0.0394127  0.0788254  0.0788254  0.0394127  -0.0525503  -0.0394127  
0.0279002  0.0558004  0.0558004  0.0279002  -0.0372002  -0.0279002  
0.0158465  0.031693  0.031693  0.0158465  -0.0211287  -0.0158465  
0.00714684  0.0142937  0.0142937  0.00714684  -0.00952912  -0.00714684  
0.0020043  0.00400859  0.00400859  0.0020043  -0.00267239  -0.0020043  
7.09893e-05  0.000141979  0.000141979  7.09893e-05  -9.46525e-05  -7.09893e-05  
-0.000117275  4.06812e-05  -5.85676e-05  -4.72938e-05  5.20607e-05  3.83667e-05  
-0.000102102  3.59033e-05  -5.5647e-05  -4.41321e-05  5.0313e-05  3.35706e-05  
-8.69291e-05  3.11253e-05  -5.27264e-05  -4.09704e-05  4.85653e-05  2.87744e-05  
-5.31347e-05  6.04022e-06  -4.98058e-05  -3.45796e-05  4.14581e-05  2.39783e-05  
-2.27889e-05  -3.51574e-06  -4.39646e-05  -2.82562e-05  3.79628e-05  1.4386e-05  
-7.61595e-06  -8.29372e-06  -4.1044e-05  -2.50945e-05  3.62151e-05  9.58987e-06  
7.55696e-06  -1.30717e-05  -3.81234e-05  -2.19328e-05  3.44674e-05  4.79373e-06  
3.79028e-05  -2.26277e-05  -3.22822e-05  -1.56094e-05  3.09721e-05  -4.79856e-06  
3.79028e-05  -2.26277e-05  -3.22822e-05  -1.56094e-05  3.09721e-05  -4.79856e-06  
4.13586e-05  -1.6664e-05  -2.6415e-05  -9.35385e-06  2.73635e-05  -4.79816e-06  
4.48072e-05  -3.21931e-05  -2.93356e-05  -9.28652e-06  2.37516e-05  -2.01329e-09  
5.99802e-05  -3.69711e-05  -2.6415e-05  -6.12482e-06  2.20039e-05  -4.79816e-06  
5.99802e-05  -3.69711e-05  -2.6415e-05  -6.12482e-06  2.20039e-05  -4.79816e-06  
5.99802e-05  -3.69711e-05  -2.6415e-05  -6.12482e-06  2.20039e-05  -4.79816e-06  
5.99802e-05  -3.69711e-05  -2.6415e-05  -6.12482e-06  2.20039e-05  -4.79816e-06  
5.99802e-05  -3.69711e-05  -2.6415e-05  -6.12482e-06  2.20039e-05  -4.79816e-06  
7.51531e-05  -4.17491e-05  -2.34944e-05  -2.96312e-06  2.02563e-05  -9.5943e-06  
7.51531e-05  -4.17491e-05  -2.34944e-05  -2.96312e-06  2.02563e-05  -9.5943e-06  
6.34288e-05  -5.25002e-05  -2.05738e-05  -6.05749e-06  1.8392e-05  -1.43904e-05  
5.17117e-05  -4.17586e-05  -1.76273e-05  -2.9636e-06  1.65311e-05  -9.5939e-06  
5.17117e-05  -4.17586e-05  -1.76273e-05  -2.9636e-06  1.65311e-05  -9.5939e-06  
5.17117e-05  -4.17586e-05  -1.76273e-05  -2.9636e-06  1.65311e-05  -9.5939e-06  
5.17117e-05  -4.17586e-05  -1.76273e-05  -2.9636e-06  1.65311e-05  -9.5939e-06  
3.99947e-05  -3.1017e-05  -1.46808e-05  1.3029e-07  1.46701e-05  -4.79735e-06  
2.82704e-05  -4.17682e-05  -1.17602e-05  -2.96408e-06  1.28058e-05  -9.59349e-06  
2.82704e-05  -4.17682e-05  -1.17602e-05  -2.96408e-06  1.28058e-05  -9.59349e-06  
2.82704e-05  -4.17682e-05  -1.17602e-05  -2.96408e-06  1.28058e-05  -9.59349e-06  
1.65534e-05  -3.10266e-05  -8.81365e-06  1.29813e-07  1.09449e-05  -4.79695e-06  
1.65534e-05  -3.10266e-05  -8.81365e-06  1.29813e-07  1.09449e-05  -4.79695e-06  
1.65534e-05  -3.10266e-05  -8.81365e-06  1.29813e-07  1.09449e-05  -4.79695e-06  
1.65534e-05  -3.10266e-05  -8.81365e-06  1.29813e-07  1.09449e-05  -4.79695e-06  
4.83633e-06  -2.0285e-05  -5.86713e-06  3.2237e-06  9.08399e-06  -4.0215e-10  
-6.88797e-06  -3.10361e-05  -2.94652e-06  1.29336e-07  7.21971e-06  -4.79654e-06  
-6.88797e-06  -3.10361e-05  -2.94652e-06  1.29336e-07  7.21971e-06  -4.79654e-06  
-6.88797e-06  -3.10361e-05  -2.94652e-06  1.29336e-07  7.21971e-06  -4.79654e-06  
-6.88797e-06  -3.10361e-05  -2.94652e-06  1.29336e-07  7.21971e-06  -4.79654e-06  
-6.88797e-06  -3.10361e-05  -2.94652e-06  1.29336e-07  7.21971e-06  -4.79654e-06  
-6.88797e-06  -3.10361e-05  -2.94652e-06  1.29336e-07  7.21971e-06  -4.79654e-06  
-6.88797e-06  -3.10361e-05  -2.94652e-06  1.29336e-07  7.21971e-06  -4.79654e-06  
-1.8605e-05  -2.02945e-05  -7.08366e-13  3.22323e-06  5.35877e-06  1.23426e-12  
-1.8605e-05  -2.02945e-05  -7.08366e-13  3.22323e-06  5.35877e-06  1.23426e-12  
-1.8605e-05  -2.02945e-05  -7.08366e-13  3.22323e-06  5.35877e-06  1.23426e-12  
-1.8605e-05  -2.02945e-05  -7.08366e-13  3.22323e-06  5.35877e-06  1.23426e-12  
-1.8605e-05  -2.02945e-05  -7.08366e-13  3.22323e-06  5.35877e-06  1.23426e-12  
-1.8605e-05  -2.02945e-05  -7.08366e-13  3.22323e-06  5.35877e-06  1.23426e-12  
-1.8605e-05  -2.02945e-05  -7.08366e-13  3.22323e-06  5.35877e-06  1.23426e-12  
-3.44399e-06  -1.5518e-05  2.94652e-06  6.46683e-08  3.60985e-06  4.79655e-06  
-3.44399e-06  -1.5518e-05  2.94652e-06  6.46683e-08  3.60985e-06  4.79655e-06  
-3.44399e-06  -1.5518e-05  2.94652e-06  6.46683e-08  3.60985e-06  4.79655e-06  
-3.44399e-06  -1.5518e-05  2.94652e-06  6.46683e-08  3.60985e-06  4.79655e-06  
-3.44399e-06  -1.5518e-05  2.94652e-06  6.46683e-08  3.60985e-06  4.79655e-06  
-3.44399e-06  -1.5518e-05  2.94652e-06  6.46683e-08  3.60985e-06  4.79655e-06  
-3.44399e-06  -1.5518e-05  2.94652e-06  6.46683e-08  3.60985e-06  4.79655e-06  
-3.44399e-06  -1.5518e-05  2.94652e-06  6.46683e-08  3.60985e-06  4.79655e-06  
-3.44399e-06  -1.5518e-05  2.94652e-06  6.46683e-08  3.60985e-06  4.79655e-06  
-3.44399e-06  -1.5518e-05  2.94652e-06  6.46683e-08  3.60985e-06  4.79655e-06  
-3.44399e-06  -1.5518e-05  2.94652e-06  6.46683e-08  3.60985e-06  4.79655e-06  
-3.44399e-06  -1.5518e-05  2.94652e-06  6.46683e-08  3.60985e-06  4.79655e-06  
-3.44399e-06  -1.5518e-05  2.94652e-06  6.46683e-08  3.60985e-06  4.79655e-06  
-3.44399e-06  -1.5518e-05  2.94652e-06  6.46683e-08  3.60985e-06  4.79655e-06  
-3.44399e-06  -1.5518e-05  2.94652e-06  6.46683e-08  3.60985e-06  4.79655e-06  
-3.44399e-06  -1.5518e-05  2.94652e-06  6.46683e-08  3.60985e-06  4.79655e-06  
-3.44399e-06  -1.5518e-05  2.94652e-06  6.46683e-08  3.60985e-06  4.79655e-06  
-3.44399e-06  -1.5518e-05  2.94652e-06  6.46683e-08  3.60985e-06  4.79655e-06  
-3.44399e-06  -1.5518e-05  2.94652e-06  6.46683e-08  3.60985e-06  4.79655e-06  
-3.44399e-06  -1.5518e-05  2.94652e-06  6.46683e-08  3.60985e-06  4.79655e-06  
-3.44399e-06  -1.5518e-05  2.94652e-06  6.46683e-08  3.60985e-06  4.79655e-06  
-3.44399e-06  -1.5518e-05  2.94652e-06  6.46683e-08  3.60985e-06  4.79655e-06  
-3.44399e-06  -1.5518e-05  2.94652e-06  6.46683e-08  3.60985e-06  4.79655e-06  
-3.44399e-06  -1.5518e-05  2.94652e-06  6.46683e-08  3.60985e-06  4.79655e-06  
-3.44399e-06  -1.5518e-05  2.94652e-06  6.46683e-08  3.60985e-06  4.79655e-06  
-3.44399e-06  -1.5518e-05  2.94652e-06  6.46683e-08  3.60985e-06  4.79655e-06  
-3.44399e-06  -1.5518e-05  2.94652e-06  6.46683e-08  3.60985e-06  4.79655e-06  
-3.44399e-06  -1.5518e-05  2.94652e-06  6.46683e-08  3.60985e-06  4.79655e-06  
-3.44399e-06  -1.5518e-05  2.94652e-06  6.46683e-08  3.60985e-06  4.79655e-06  
-3.44399e-06  -1.5518e-05  2.94652e-06  6.46683e-08  3.60985e-06  4.79655e-06  
-3.44399e-06  -1.5518e-05  2.94652e-06  6.46683e-08  3.60985e-06  4.79655e-06  
-3.44399e-06  -1.5518e-05  2.94652e-06  6.46683e-08  3.60985e-06  4.79655e-06  
-3.44399e-06  -1.5518e-05  2.94652e-06  6.46683e-08  3.60985e-06  4.79655e-06  
-3.44399e-06  -1.5518e-05  2.94652e-06  6.46683e-08  3.60985e-06  4.79655e-06  
-3.44399e-06  -1.5518e-05  2.94652e-06  6.46683e-08  3.60985e-06  4.79655e-06  
-3.44399e-06  -1.5518e-05  2.94652e-06  6.46683e-08  3.60985e-06  4.79655e-06  
-3.44399e-06  -1.5518e-05  2.94652e-06  6.46683e-08  3.60985e-06  4.79655e-06  
-3.44399e-06  -1.5518e-05  2.94652e-06  6.46683e-08  3.60985e-06  4.79655e-06  
-3.44399e-06  -1.5518e-05  2.94652e-06  6.46683e-08  3.60985e-06  4.79655e-06  
-3.44399e-06  -1.5518e-05  2.94652e-06  6.46683e-08  3.60985e-06  4.79655e-06  
-3.44399e-06  -1.5518e-05  2.94652e-06  6.46683e-08  3.60985e-06  4.79655e-06  
-3.44399e-06  -1.5518e-05  2.94652e-06  6.46683e-08  3.60985e-06  4.79655e-06  
-3.44399e-06  -1.5518e-05  2.94652e-06  6.46683e-08  3.60985e-06  4.79655e-06  
-3.44399e-06  -1.5518e-05  2.94652e-06  6.46683e-08  3.60985e-06  4.79655e-06  
-3.44399e-06  -1.5518e-05  2.94652e-06  6.46683e-08  3.60985e-06  4.79655e-06  
-3.44399e-06  -1.5518e-05  2.94652e-06  6.46683e-08  3.60985e-06  4.79655e-06  
-3.44399e-06  -1.5518e-05  2.94652e-06  6.46683e-08  3.60985e-06  4.79655e-06  
-3.44399e-06  -1.5518e-05  2.94652e-06  6.46683e-08  3.60985e-06  4.79655e-06  
-3.44399e-06  -1.5518e-05  2.94652e-06  6.46683e-08  3.60985e-06  4.79655e-06  
-3.44399e-06  -1.5518e-05  2.94652e-06  6.46683e-08  3.60985e-06  4.79655e-06  
-3.44399e-06  -1.5518e-05  2.94652e-06  6.46683e-08  3.60985e-06  4.79655e-06  
-3.44399e-06  -1.5518e-05  2.94652e-06  6.46683e-08  3.60985e-06  4.79655e-06  
-3.44399e-06  -1.5518e-05  2.94652e-06  6.46683e-08  3.60985e-06  4.79655e-06  
-3.44399e-06  -1.5518e-05  2.94652e-06  6.46683e-08  3.60985e-06  4.79655e-06  
-3.44399e-06  -1.5518e-05  2.94652e-06  6.46683e-08  3.60985e-06  4.79655e-06  
-3.44399e-06  -1.5518e-05  2.94652e-06  6.46683e-08  3.60985e-06  4.79655e-06  
-3.44399e-06  -1.5518e-05  2.94652e-06  6.46683e-08  3.60985e-06  4.79655e-06  
0  0  0  0  0  0  
0  0  0  0  0  0  
0  0  0  0  0  0  
0  0  0  0  0  0  
0  0  0  0  0  0  
0  0  0  0  0  0  
0  0  0  0  0  0  
0  0  0  0  0  0  
0  0  0  0  0  0  
0  0  0  0  0  0  
0  0  0  0  0  0  
0  0  0  0  0  0  
0  0  0  0  0  0  
0  0  0  0  0  0  
0  0  0  0  0  0  
0  0  0  0  0  0  
0  0  0  0  0  0  
0  0  0  0  0  0  
0  0  0  0  0  0  
0  0  0  0  0  0  
0  0  0  0  0  0  
0  0  0  0  0  0  
0  0  0  0  0  0  
0  0  0  0  0  0  
0  0  0  0  0  0  
0  0  0  0  0  0  
0  0  0  0  0  0  
0  0  0  0  0  0  
0  0  0  0  0  0  
0  0  0  0  0  0  
0  0  0  0  0  0  
0  0  0  0  0  0  
0  0  0  0  0  0  
0  0  0  0  0  0  
0  0  0  0  0  0  
0  0  0  0  0  0  
0  0  0  0  0  0  
0  0  0  0  0  0  
0  0  0  0  0  0  
0  0  0  0  0  0  
0  0  0  0  0  0  
0  0  0  0  0  0  
0  0  0  0  0  0  
0  0  0  0  0  0  
0  0  0  0  0  0  
0  0  0  0  0  0  
0  0  0  0  0  0  
0  0  0  0  0  0  
0  0  0  0  0  0  
0  0  0  0  0  0  
0  0  0  0  0  0  
0  0  0  0  0  0  
0  0  0  0  0  0  
0  0  0  0  0  0  
0  0  0  0  0  0  
0  0  0  0  0  0  
0  0  0  0  0  0  
0  0  0  0  0  0  
0  0  0  0  0  0  
0  0  0  0  0  0  
0  0  0  0  0  0  
0  0  0  0  0  0  
0  0  0  0  0  0  
0  0  0  0  0  0  
0  0  0  0  0  0  
0  0  0  0  0  0  
0  0  0  0  0  0  
0  0  0  0  0  0  
0  0  0  0  0  0  
0  0  0  0  0  0  
0  0  0  0  0  0  
0  0  0  0  0  0  
0  0  0  0  0  0  
0  0  0  0  0  0  
0  0  0  0  0  0  
0  0  0  0  0  0  
0  0  0  0  0  0  
0  0  0  0  0  0  
0  0  0  0  0  0  
0  0  0  0  0  0  
0  0  0  0  0  0  
0  0  0  0  0  0  
0  0  0  0  0  0  
0  0  0  0  0  0  
0  0  0  0  0  0  
0  0  0  0  0  0  
0  0  0  0  0  0  
0  0  0  0  0  0  
0  0  0  0  0  0  
0  0  0  0  0  0  
0  0  0  0  0  0  
0  0  0  0  0  0  
0  0  0  0  0  0  
0  0  0  0  0  0  
0  0  0  0  0  0  
0  0  0  0  0  0  
0  0  0  0  0  0  
0  0  0  0  0  0  
0  0  0  0  0  0  
0  0  0  0  0  0  
0  0  0  0  0  0  
0  0  0  0  0  0  
0  0  0  0  0  0  
0  0  0  0  0  0  
0  0  0  0  0  0  
0  0  0  0  0  0  
0  0  0  0  0  0  
0  0  0  0  0  0  
0  0  0  0  0  0  
0  0  0  0  0  0  
0  0  0  0  0  0  
0  0  0  0  0  0  
0  0  0  0  0  0  
0  0  0  0  0  0  
0  0  0  0  0  0  
0  0  0  0  0  0  
0  0  0  0  0  0  
0  0  0  0  0  0  
0  0  0  0  0  0  
0  0  0  0  0  0  
0  0  0  0  0  0  
0  0  0  0  0  0  
0  0  0  0  0  0  
0  0  0  0  0  0  
0  0  0  0  0  0  
0  0  0  0  0  0  
0  0  0  0  0  0  
0  0  0  0  0  0  
0  0  0  0  0  0  
0  0  0  0  0  0  
0  0  0  0  0  0  
0  0  0  0  0  0  
0  0  0  0  0  0  
0  0  0  0  0  0  
0  0  0  0  0  0  
0  0  0  0  0  0  
0  0  0  0  0  0  
0  0  0  0  0  0  
0  0  0  0  0  0  
0  0  0  0  0  0  
0  0  0  0  0  0  
0  0  0  0  0  0  
0  0  0  0  0  0  
0  0  0  0  0  0  
0  0  0  0  0  0  
0  0  0  0  0  0  
0  0  0  0  0  0  
0  0  0  0  0  0  
0  0  0  0  0  0  
0  0  0  0  0  0  
0  0  0  0  0  0  
0  0  0  0  0  0  
0  0  0  0  0  0  
0  0  0  0  0  0  
0  0  0  0  0  0  
0  0  0  0  0  0  
0  0  0  0  0  0  
0  0  0  0  0  0  
0  0  0  0  0  0  
0  0  0  0  0  0  
0  0  0  0  0  0  
0  0  0  0  0  0  
0  0  0  0  0  0  
0  0  0  0  0  0  
0  0  0  0  0  0  
0  0  0  0  0  0  
0  0  0  0  0  0  
0  0  0  0  0  0  
0  0  0  0  0  0  
0  0  0  0  0  0  
0  0  0  0  0  0  
0  0  0  0  0  0  
0  0  0  0  0  0  
0  0  0  0  0  0  
0  0  0  0  0  0  
0  0  0  0  0  0  
0  0  0  0  0  0  
0  0  0  0  0  0  
0  0  0  0  0  0  
0  0  0  0  0  0  
0  0  0  0  0  0  
0  0  0  0  0  0  
0  0  0  0  0  0  
0  0  0  0  0  0  
0  0  0  0  0  0  
0  0  0  0  0  0  
0  0  0  0  0  0  
0  0  0  0  0  0  
0  0  0  0  0  0  
0  0  0  0  0  0  
0  0  0  0  0  0  
0  0  0  0  0  0  
0  0  0  0  0  0  
0  0  0  0  0  0  
0  0  0  0  0  0  
0  0  0  0  0  0  
0  0  0  0  0  0  
0  0  0  0  0  0  
0  0  0  0  0  0  
0  0  0  0  0  0  
0  0  0  0  0  0  
0  0  0  0  0  0  
0  0  0  0  0  0  
0  0  0  0  0  0  
0  0  0  0  0  0  
0  0  0  0  0  0  
0  0  0  0  0  0  
0  0  0  0  0  0  
0  0  0  0  0  0  
0  0  0  0  0  0  
0  0  0  0  0  0  
0  0  0  0  0  0  
0  0  0  0  0  0  
0  0  0  0  0  0  
0  0  0  0  0  0  
0  0  0  0  0  0  
0  0  0  0  0  0  
0  0  0  0  0  0  
0  0  0  0  0  0  
0  0  0  0  0  0  
0  0  0  0  0  0  
0  0  0  0  0  0  
0  0  0  0  0  0  
0  0  0  0  0  0  
0  0  0  0  0  0  
0  0  0  0  0  0  
0  0  0  0  0  0  
0  0  0  0  0  0  
0  0  0  0  0  0  
0  0  0  0  0  0  
0  0  0  0  0  0  
0  0  0  0  0  0  
0  0  0  0  0  0  
0  0  0  0  0  0  
0  0  0  0  0  0  
0  0  0  0  0  0  
0  0  0  0  0  0  
0  0  0  0  0  0  
0  0  0  0  0  0  
0  0  0  0  0  0  
0  0  0  0  0  0  
0  0  0  0  0  0  
0  0  0  0  0  0  
0  0  0  0  0  0  
0  0  0  0  0  0  
0  0  0  0  0  0  
0  0  0  0  0  0  
0  0  0  0  0  0  
0  0  0  0  0  0  
0  0  0  0  0  0  
0  0  0  0  0  0  
0  0  0  0  0  0  
0  0  0  0  0  0  
0  0  0  0  0  0  
0  0  0  0  0  0  
0  0  0  0  0  0  
0  0  0  0  0  0  
0  0  0  0  0  0  
0  0  0  0  0  0  
0  0  0  0  0  0  
0  0  0  0  0  0  
0  0  0  0  0  0  
0  0  0  0  0  0  
0  0  0  0  0  0  
0  0  0  0  0  0  
0  0  0  0  0  0  
0  0  0  0  0  0  
0  0  0  0  0  0  
0  0  0  0  0  0  
0  0  0  0  0  0  
0  0  0  0  0  0  
0  0  0  0  0  0  
0  0  0  0  0  0  
0  0  0  0  0  0  
0  0  0  0  0  0  
0  0  0  0  0  0  
0  0  0  0  0  0  
0  0  0  0  0  0  
0  0  0  0  0  0  
0  0  0  0  0  0  
0  0  0  0  0  0  
0  0  0  0  0  0  
0  0  0  0  0  0  
0  0  0  0  0  0  
0  0  0  0  0  0  
0  0  0  0  0  0  
0  0  0  0  0  0  
0  0  0  0  0  0  
0  0  0  0  0  0  
0  0  0  0  0  0  
0  0  0  0  0  0  
0  0  0  0  0  0  
0  0  0  0  0  0  
0  0  0  0  0  0  
0  0  0  0  0  0  
0  0  0  0  0  0  
0  0  0  0  0  0  
0  0  0  0  0  0  
0  0  0  0  0  0  
0  0  0  0  0  0  
0  0  0  0  0  0  
0  0  0  0  0  0  
0  0  0  0  0  0  
0  0  0  0  0  0  
0  0  0  0  0  0  
0  0  0  0  0  0  
0  0  0  0  0  0  
0  0  0  0  0  0  
0  0  0  0  0  0  
0  0  0  0  0  0  
0  0  0  0  0  0  
0  0  0  0  0  0  
0  0  0  0  0  0  
0  0  0  0  0  0  
0  0  0  0  0  0  
0  0  0  0  0  0  
0  0  0  0  0  0  
0  0  0  0  0  0  
0  0  0  0  0  0  
0  0  0  0  0  0  
0  0  0  0  0  0  
0  0  0  0  0  0  
0  0  0  0  0  0  
0  0  0  0  0  0  
0  0  0  0  0  0  
0  0  0  0  0  0  
0  0  0  0  0  0  
0  0  0  0  0  0  
0  0  0  0  0  0  
0  0  0  0  0  0  
0  0  0  0  0  0  
0  0  0  0  0  0  
0  0  0  0  0  0  
0  0  0  0  0  0  
0  0  0  0  0  0  
0  0  0  0  0  0  
0  0  0  0  0  0  
0  0  0  0  0  0  
0  0  0  0  0  0  
0  0  0  0  0  0  
0  0  0  0  0  0  
0  0  0  0  0  0  
0  0  0  0  0  0  
0  0  0  0  0  0  
0  0  0  0  0  0  
0  0  0  0  0  0  
0  0  0  0  0  0  
0  0  0  0  0  0  
0  0  0  0  0  0  
0  0  0  0  0  0  
0  0  0  0  0  0  
0  0  0  0  0  0  
0  0  0  0  0  0  
0  0  0  0  0  0  
0  0  0  0  0  0  
0  0  0  0  0  0  
0  0  0  0  0  0  
0  0  0  0  0  0  
0  0  0  0  0  0  
0  0  0  0  0  0  
0  0  0  0  0  0  
0  0  0  0  0  0  
0  0  0  0  0  0  
0  0  0  0  0  0  
0  0  0  0  0  0  
0  0  0  0  0  0  
0  0  0  0  0  0  
0  0  0  0  0  0  
0  0  0  0  0  0  
0  0  0  0  0  0  
0  0  0  0  0  0  
0  0  0  0  0  0  
0  0  0  0  0  0  
0  0  0  0  0  0  
0  0  0  0  0  0  
0  0  0  0  0  0  
0  0  0  0  0  0  
0  0  0  0  0  0  
0  0  0  0  0  0  
0  0  0  0  0  0  
0  0  0  0  0  0  
0  0  0  0  0  0  
0  0  0  0  0  0  
0  0  0  0  0  0  
0  0  0  0  0  0  
0  0  0  0  0  0  
0  0  0  0  0  0  
0  0  0  0  0  0  
0  0  0  0  0  0  
0  0  0  0  0  0  
0  0  0  0  0  0  
0  0  0  0  0  0  
0  0  0  0  0  0  
0  0  0  0  0  0  
0  0  0  0  0  0  
0  0  0  0  0  0  
0  0  0  0  0  0  
0  0  0  0  0  0  
0  0  0  0  0  0  
0  0  0  0  0  0  
0  0  0  0  0  0  
0  0  0  0  0  0  
0  0  0  0  0  0  
0  0  0  0  0  0  
0  0  0  0  0  0  
0  0  0  0  0  0  
0  0  0  0  0  0  
0  0  0  0  0  0  
0  0  0  0  0  0  
0  0  0  0  0  0  
0  0  0  0  0  0  
0  0  0  0  0  0  
0  0  0  0  0  0  
0  0  0  0  0  0  
0  0  0  0  0  0  
0  0  0  0  0  0  
0  0  0  0  0  0  
0  0  0  0  0  0  
0  0  0  0  0  0  
0  0  0  0  0  0  
0  0  0  0  0  0  
0  0  0  0  0  0  
0  0  0  0  0  0  
0  0  0  0  0  0  
0  0  0  0  0  0  
0  0  0  0  0  0  
0  0  0  0  0  0  
0  0  0  0  0  0  
0  0  0  0  0  0  
0  0  0  0  0  0  
0  0  0  0  0  0  
0  0  0  0  0  0  
0  0  0  0  0  0  
0  0  0  0  0  0  
0  0  0  0  0  0  
0  0  0  0  0  0  
0  0  0  0  0  0  
0  0  0  0  0  0  
0  0  0  0  0  0  
0  0  0  0  0  0  
0  0  0  0  0  0  
0  0  0  0  0  0  
0  0  0  0  0  0  
0  0  0  0  0  0  
