0  0  0  0  0  0  
0  0  0  0  0  0  
0  0  0  0  0  0  
0  0  0  0  0  0  
0  0  0  0  0  0  
0  0  0  0  0  0  
0  0  0  0  0  0  
0  0  0  0  0  0  
0  0  0  0  0  0  
0  0  0  0  0  0  
0  0  0  0  0  0  
0  0  0  0  0  0  
0  0  0  0  0  0  
0  0  0  0  0  0  
0  0  0  0  0  0  
0  0  0  0  0  0  
0  0  0  0  0  0  
0  0  0  0  0  0  
0  0  0  0  0  0  
0  0  0  0  0  0  
0  0  0  0  0  0  
0  0  0  0  0  0  
0  0  0  0  0  0  
0  0  0  0  0  0  
0  0  0  0  0  0  
0  0  0  0  0  0  
0  0  0  0  0  0  
0  0  0  0  0  0  
0  0  0  0  0  0  
0.000585289  -0.000512128  0.000731612  -0.000585289  0.000438967  -0.000219484  
0.00808775  -0.00707678  0.0101097  -0.00808775  0.00606581  -0.00303291  
0.0298172  -0.02609  0.0372715  -0.0298172  0.0223629  -0.0111814  
0.0659799  -0.0577324  0.0824748  -0.0659799  0.0494849  -0.0247425  
0.117943  -0.1032  0.147428  -0.117943  0.0884571  -0.0442285  
0.166708  -0.14587  0.208385  -0.166708  0.125031  -0.0625155  
0.211541  -0.185098  0.264426  -0.211541  0.158655  -0.0793277  
0.261879  -0.229144  0.327349  -0.261879  0.196409  -0.0982046  
0.308285  -0.269749  0.385356  -0.308285  0.231214  -0.115607  
0.357837  -0.313107  0.447296  -0.357837  0.268377  -0.134189  
0.408961  -0.357841  0.511202  -0.408961  0.306721  -0.153361  
0.460873  -0.403264  0.576091  -0.460873  0.345655  -0.172827  
0.506492  -0.443181  0.633115  -0.506492  0.379869  -0.189935  
0.55683  -0.487227  0.696038  -0.55683  0.417623  -0.208811  
0.607169  -0.531273  0.758961  -0.607169  0.455377  -0.227688  
0.657507  -0.575319  0.821884  -0.657507  0.49313  -0.246565  
0.70234  -0.614547  0.877925  -0.70234  0.526755  -0.263377  
0.750318  -0.656529  0.937898  -0.750318  0.562739  -0.281369  
0.80223  -0.701951  1.00279  -0.80223  0.601672  -0.300836  
0.850995  -0.744621  1.06374  -0.850995  0.638246  -0.319123  
0.901334  -0.788667  1.12667  -0.901334  0.676  -0.338  
0.951672  -0.832713  1.18959  -0.951672  0.713754  -0.356877  
0.998864  -0.874006  1.24858  -0.998864  0.749148  -0.374574  
1.04527  -0.914611  1.30659  -1.04527  0.783952  -0.391976  
1.09718  -0.960034  1.37148  -1.09718  0.822886  -0.411443  
1.14437  -1.00133  1.43047  -1.14437  0.85828  -0.42914  
1.19471  -1.04537  1.49339  -1.19471  0.896034  -0.448017  
1.24269  -1.08735  1.55336  -1.24269  0.932018  -0.466009  
1.29303  -1.1314  1.61629  -1.29303  0.969772  -0.484886  
1.34258  -1.17476  1.67823  -1.34258  1.00694  -0.503468  
1.39135  -1.21743  1.73918  -1.39135  1.04351  -0.521755  
1.44011  -1.2601  1.80014  -1.44011  1.08008  -0.540042  
1.48888  -1.30277  1.8611  -1.48888  1.11666  -0.558329  
1.53922  -1.34681  1.92402  -1.53922  1.15441  -0.577206  
1.59113  -1.39224  1.98891  -1.59113  1.19334  -0.596672  
1.63832  -1.43353  2.0479  -1.63832  1.22874  -0.61437  
1.69495  -1.48308  2.11869  -1.69495  1.27121  -0.635606  
1.73978  -1.52231  2.17473  -1.73978  1.30484  -0.652418  
1.78619  -1.56291  2.23273  -1.78619  1.33964  -0.66982  
1.84518  -1.61453  2.30647  -1.84518  1.38388  -0.691942  
1.88293  -1.64757  2.35366  -1.88293  1.4122  -0.706099  
1.93484  -1.69299  2.41855  -1.93484  1.45113  -0.725566  
1.97968  -1.73222  2.47459  -1.97968  1.48476  -0.742378  
2.0308  -1.77695  2.5385  -2.0308  1.5231  -0.76155  
2.07878  -1.81893  2.59847  -2.07878  1.55908  -0.779542  
2.12754  -1.8616  2.65943  -2.12754  1.59566  -0.797829  
2.18103  -1.9084  2.72629  -2.18103  1.63577  -0.817886  
2.22665  -1.94832  2.78331  -2.22665  1.66999  -0.834993  
2.27463  -1.9903  2.84328  -2.27463  1.70597  -0.852985  
2.32811  -2.0371  2.91014  -2.32811  1.74608  -0.873042  
2.37373  -2.07701  2.96716  -2.37373  1.7803  -0.890149  
2.4225  -2.11968  3.02812  -2.4225  1.81687  -0.908436  
2.47205  -2.16304  3.09006  -2.47205  1.85404  -0.927018  
2.52239  -2.20709  3.15298  -2.52239  1.89179  -0.945895  
2.57115  -2.24976  3.21394  -2.57115  1.92836  -0.964182  
2.61992  -2.29243  3.2749  -2.61992  1.96494  -0.982469  
2.67026  -2.33647  3.33782  -2.67026  2.00269  -1.00135  
2.72295  -2.38258  3.40369  -2.72295  2.04221  -1.02111  
2.76857  -2.4225  3.46072  -2.76857  2.07643  -1.03821  
2.81812  -2.46586  3.52266  -2.81812  2.11359  -1.0568  
2.86532  -2.50715  3.58165  -2.86532  2.14899  -1.07449  
2.92273  -2.55739  3.65342  -2.92273  2.19205  -1.09603  
2.96363  -2.59318  3.70454  -2.96363  2.22273  -1.11136  
3.0124  -2.63585  3.7655  -3.0124  2.2593  -1.12965  
3.06274  -2.6799  3.82842  -3.06274  2.29705  -1.14853  
3.11072  -2.72188  3.8884  -3.11072  2.33304  -1.16652  
3.16105  -2.76592  3.95132  -3.16105  2.37079  -1.1854  
3.20982  -2.80859  4.01227  -3.20982  2.40736  -1.20368  
3.26016  -2.85264  4.0752  -3.26016  2.44512  -1.22256  
3.31286  -2.89875  4.14107  -3.31286  2.48464  -1.24232  
3.35769  -2.93798  4.19711  -3.35769  2.51827  -1.25913  
3.41275  -2.98615  4.26593  -3.41275  2.55956  -1.27978  
3.45837  -3.02607  4.32296  -3.45837  2.59377  -1.29689  
3.50634  -3.06805  4.38293  -3.50634  2.62976  -1.31488  
3.55668  -3.1121  4.44585  -3.55668  2.66751  -1.33376  
3.60702  -3.15614  4.50878  -3.60702  2.70527  -1.35263  
3.65343  -3.19675  4.56678  -3.65343  2.74007  -1.37003  
3.70219  -3.23942  4.62774  -3.70219  2.77664  -1.38832  
3.75489  -3.28553  4.69361  -3.75489  2.81617  -1.40808  
3.79972  -3.32476  4.74965  -3.79972  2.84979  -1.4249  
3.84927  -3.36812  4.81159  -3.84927  2.88696  -1.44348  
3.89647  -3.40941  4.87058  -3.89647  2.92235  -1.46117  
3.94759  -3.45414  4.93449  -3.94759  2.96069  -1.48035  
3.99557  -3.49612  4.99446  -3.99557  2.99668  -1.49834  
4.0467  -3.54086  5.05837  -4.0467  3.03502  -1.51751  
4.09546  -3.58353  5.11933  -4.09546  3.0716  -1.5358  
4.14501  -3.62689  5.18127  -4.14501  3.10876  -1.55438  
4.19535  -3.67093  5.24419  -4.19535  3.14651  -1.57326  
4.25434  -3.72255  5.31793  -4.25434  3.19076  -1.59538  
4.28974  -3.75352  5.36217  -4.28974  3.2173  -1.60865  
4.34086  -3.79825  5.42607  -4.34086  3.25564  -1.62782  
4.38884  -3.84023  5.48605  -4.38884  3.29163  -1.64581  
4.43839  -3.88359  5.54799  -4.43839  3.32879  -1.6644  
4.48873  -3.92764  5.61091  -4.48873  3.36655  -1.68327  
4.54929  -3.98063  5.68662  -4.54929  3.41197  -1.70598  
4.59019  -4.01642  5.73774  -4.59019  3.44264  -1.72132  
4.63502  -4.05565  5.79378  -4.63502  3.47627  -1.73813  
4.68536  -4.09969  5.8567  -4.68536  3.51402  -1.75701  
4.73491  -4.14305  5.91864  -4.73491  3.55119  -1.77559  
4.78447  -4.18641  5.98058  -4.78447  3.58835  -1.79418  
4.83402  -4.22977  6.04252  -4.83402  3.62551  -1.81276  
4.88593  -4.27519  6.10741  -4.88593  3.66445  -1.83222  
4.92919  -4.31304  6.16149  -4.92919  3.69689  -1.84845  
4.98031  -4.35778  6.22539  -4.98031  3.73524  -1.86762  
5.02908  -4.40044  6.28635  -5.02908  3.77181  -1.8859  
5.07942  -4.44449  6.34927  -5.07942  3.80956  -1.90478  
5.1274  -4.48647  6.40925  -5.1274  3.84555  -1.92277  
5.17695  -4.52983  6.47119  -5.17695  3.88271  -1.94136  
5.22729  -4.57388  6.53411  -5.22729  3.92047  -1.96023  
5.2792  -4.6193  6.599  -5.2792  3.9594  -1.9797  
5.32639  -4.66059  6.65799  -5.32639  3.99479  -1.9974  
5.38223  -4.70946  6.72779  -5.38223  4.03668  -2.01834  
5.42156  -4.74387  6.77695  -5.42156  4.06617  -2.03309  
5.47347  -4.78929  6.84184  -5.47347  4.1051  -2.05255  
5.51988  -4.82989  6.89985  -5.51988  4.13991  -2.06995  
5.57022  -4.87394  6.96277  -5.57022  4.17766  -2.08883  
5.61898  -4.91661  7.02373  -5.61898  4.21424  -2.10712  
5.67325  -4.9641  7.09157  -5.67325  4.25494  -2.12747  
5.72595  -5.01021  7.15744  -5.72595  4.29446  -2.14723  
5.77472  -5.05288  7.2184  -5.77472  4.33104  -2.16552  
5.82034  -5.09279  7.27542  -5.82034  4.36525  -2.18263  
5.86596  -5.13271  7.33244  -5.86596  4.39947  -2.19973  
5.91393  -5.17469  7.39242  -5.91393  4.43545  -2.21773  
5.96427  -5.21874  7.45534  -5.96427  4.4732  -2.2366  
6.01225  -5.26072  7.51531  -6.01225  4.50919  -2.25459  
6.06574  -5.30752  7.58217  -6.06574  4.5493  -2.27465  
6.11214  -5.34812  7.64018  -6.11214  4.58411  -2.29205  
6.16012  -5.39011  7.70015  -6.16012  4.62009  -2.31005  
6.20967  -5.43346  7.76209  -6.20967  4.65725  -2.32863  
6.25844  -5.47613  7.82305  -6.25844  4.69383  -2.34691  
6.31349  -5.52431  7.89187  -6.31349  4.73512  -2.36756  
6.35754  -5.56285  7.94693  -6.35754  4.76816  -2.38408  
6.41338  -5.61171  8.01673  -6.41338  4.81004  -2.40502  
6.46215  -5.65438  8.07769  -6.46215  4.84661  -2.42331  
6.5062  -5.69292  8.13275  -6.5062  4.87965  -2.43982  
6.55182  -5.73284  8.18977  -6.55182  4.91386  -2.45693  
6.60294  -5.77757  8.25368  -6.60294  4.95221  -2.4761  
6.65171  -5.82024  8.31463  -6.65171  4.98878  -2.49439  
6.70126  -5.8636  8.37657  -6.70126  5.02594  -2.51297  
6.75002  -5.90627  8.43753  -6.75002  5.06252  -2.53126  
6.79957  -5.94963  8.49947  -6.79957  5.09968  -2.54984  
6.84913  -5.99299  8.56141  -6.84913  5.13684  -2.56842  
6.90025  -6.03772  8.62531  -6.90025  5.17519  -2.58759  
6.94587  -6.07764  8.68234  -6.94587  5.2094  -2.6047  
6.99621  -6.12168  8.74526  -6.99621  5.24716  -2.62358  
7.04497  -6.16435  8.80622  -7.04497  5.28373  -2.64187  
7.09689  -6.20977  8.87111  -7.09689  5.32266  -2.66133  
7.14329  -6.25038  8.92911  -7.14329  5.35747  -2.67873  
7.19284  -6.29374  8.99105  -7.19284  5.39463  -2.69732  
7.24161  -6.33641  9.05201  -7.24161  5.43121  -2.7156  
7.29195  -6.38045  9.11493  -7.29195  5.46896  -2.73448  
7.33914  -6.42175  9.17392  -7.33914  5.50435  -2.75218  
7.39892  -6.47405  9.24864  -7.39892  5.54919  -2.77459  
7.43746  -6.50777  9.29682  -7.43746  5.57809  -2.78905  
7.49173  -6.55526  9.36466  -7.49173  5.6188  -2.8094  
7.53813  -6.59587  9.42267  -7.53813  5.6536  -2.8268  
7.59712  -6.64748  9.4964  -7.59712  5.69784  -2.84892  
7.63488  -6.68052  9.5436  -7.63488  5.72616  -2.86308  
7.68207  -6.72181  9.60259  -7.68207  5.76155  -2.88078  
7.73162  -6.76517  9.66453  -7.73162  5.79872  -2.89936  
7.78196  -6.80921  9.72745  -7.78196  5.83647  -2.91823  
7.83072  -6.85188  9.78841  -7.83072  5.87304  -2.93652  
7.88106  -6.89593  9.85133  -7.88106  5.9108  -2.9554  
7.92894  -6.93783  9.91118  -7.92894  5.94671  -2.97335  
7.97099  -6.97461  9.96373  -7.97099  5.97824  -2.98912  
7.98968  -6.99097  9.9871  -7.98968  5.99226  -2.99613  
7.99908  -6.9992  9.99885  -7.99908  5.99931  -2.99966  
8  -7  10  -8  6  -3  
8.00069  -6.99983  9.99896  -7.99896  5.99844  -2.99948  
8.00603  -6.99849  9.99095  -7.99095  5.98643  -2.99548  
8.01733  -6.99567  9.974  -7.974  5.961  -2.987  
8.03599  -6.991  9.94602  -7.94602  5.91903  -2.97301  
8.05978  -6.98506  9.91033  -7.91033  5.8655  -2.95517  
8.08078  -6.9798  9.87883  -7.87883  5.81824  -2.93941  
8.10676  -6.97331  9.83986  -7.83986  5.75978  -2.91993  
8.1242  -6.96895  9.81369  -7.81369  5.72054  -2.90685  
8.1477  -6.96308  9.77846  -7.77846  5.66768  -2.88923  
8.16976  -6.95756  9.74535  -7.74535  5.61803  -2.87268  
8.19076  -6.95231  9.71385  -7.71385  5.57078  -2.85693  
8.21354  -6.94661  9.67968  -7.67968  5.51953  -2.83984  
8.23597  -6.94101  9.64605  -7.64605  5.46907  -2.82302  
8.25839  -6.9354  9.61241  -7.61241  5.41862  -2.80621  
8.28046  -6.92989  9.57931  -7.57931  5.36897  -2.78966  
8.3068  -6.9233  9.5398  -7.5398  5.3097  -2.7699  
8.3246  -6.91885  9.51311  -7.51311  5.26966  -2.75655  
8.3488  -6.9128  9.4768  -7.4768  5.2152  -2.7384  
8.36909  -6.90773  9.44637  -7.44637  5.16955  -2.72318  
8.3908  -6.9023  9.4138  -7.4138  5.1207  -2.7069  
8.41322  -6.89669  9.38017  -7.38017  5.07025  -2.69008  
8.43529  -6.89118  9.34706  -7.34706  5.0206  -2.67353  
8.45807  -6.88548  9.31289  -7.31289  4.96934  -2.65645  
8.47978  -6.88005  9.28033  -7.28033  4.92049  -2.64016  
8.50256  -6.87436  9.24616  -7.24616  4.86923  -2.62308  
8.52499  -6.86875  9.21252  -7.21252  4.81878  -2.60626  
8.54955  -6.86261  9.17568  -7.17568  4.76352  -2.58784  
8.5709  -6.85727  9.14365  -7.14365  4.71547  -2.57182  
8.59119  -6.8522  9.11321  -7.11321  4.66982  -2.55661  
8.61397  -6.84651  9.07904  -7.07904  4.61857  -2.53952  
8.63995  -6.84001  9.04007  -7.04007  4.56011  -2.52004  
8.65846  -6.83538  9.01231  -7.01231  4.51846  -2.50615  
8.68089  -6.82978  8.97867  -6.97867  4.46801  -2.48934  
8.70331  -6.82417  8.94504  -6.94504  4.41755  -2.47252  
8.72609  -6.81848  8.91087  -6.91087  4.3663  -2.45543  
8.74887  -6.81278  8.8767  -6.8767  4.31504  -2.43835  
8.76916  -6.80771  8.84626  -6.84626  4.2694  -2.42313  
8.79194  -6.80202  8.81209  -6.81209  4.21814  -2.40605  
8.81507  -6.79623  8.77739  -6.77739  4.16609  -2.3887  
8.83607  -6.79098  8.74589  -6.74589  4.11884  -2.37295  
8.8585  -6.78538  8.71225  -6.71225  4.06838  -2.35613  
8.88555  -6.77861  8.67168  -6.67168  4.00752  -2.33584  
8.90263  -6.77434  8.64605  -6.64605  3.96908  -2.32303  
8.92506  -6.76874  8.61241  -6.61241  3.91862  -2.30621  
8.94712  -6.76322  8.57931  -6.57931  3.86897  -2.28966  
8.9699  -6.75752  8.54514  -6.54514  3.81771  -2.27257  
8.99162  -6.7521  8.51257  -6.51257  3.76886  -2.25629  
9.01404  -6.74649  8.47894  -6.47894  3.71841  -2.23947  
9.03967  -6.74008  8.4405  -6.4405  3.66075  -2.22025  
9.05853  -6.73537  8.4122  -6.4122  3.6183  -2.2061  
9.0806  -6.72985  8.3791  -6.3791  3.56865  -2.18955  
9.10302  -6.72424  8.34546  -6.34546  3.5182  -2.17273  
9.1258  -6.71855  8.31129  -6.31129  3.46694  -2.15565  
9.14823  -6.71294  8.27766  -6.27766  3.41649  -2.13883  
9.16994  -6.70752  8.24509  -6.24509  3.36764  -2.12255  
9.19201  -6.702  8.21199  -6.21199  3.31798  -2.10599  
9.21479  -6.6963  8.17782  -6.17782  3.26673  -2.08891  
9.23864  -6.69034  8.14205  -6.14205  3.21307  -2.07102  
9.26142  -6.68465  8.10788  -6.10788  3.16182  -2.05394  
9.28135  -6.67966  8.07798  -6.07798  3.11697  -2.03899  
9.30591  -6.67352  8.04114  -6.04114  3.06171  -2.02057  
9.32477  -6.66881  8.01284  -6.01284  3.01926  -2.00642  
9.34755  -6.66311  7.97867  -5.97867  2.96801  -1.98934  
9.37033  -6.65742  7.9445  -5.9445  2.91675  -1.97225  
9.39204  -6.65199  7.91194  -5.91194  2.8679  -1.95597  
9.41482  -6.64629  7.87777  -5.87777  2.81665  -1.93888  
9.43654  -6.64087  7.8452  -5.8452  2.7678  -1.9226  
9.4586  -6.63535  7.8121  -5.8121  2.71814  -1.90605  
9.48103  -6.62974  7.77846  -5.77846  2.66769  -1.88923  
9.50381  -6.62405  7.74429  -5.74429  2.61644  -1.87215  
9.52694  -6.61826  7.70959  -5.70959  2.56438  -1.85479  
9.55435  -6.61141  7.66848  -5.66848  2.50271  -1.83424  
9.57001  -6.6075  7.64498  -5.64498  2.46748  -1.82249  
9.59243  -6.60189  7.61135  -5.61135  2.41702  -1.80567  
9.6145  -6.59637  7.57825  -5.57825  2.36737  -1.78912  
9.63728  -6.59068  7.54408  -5.54408  2.31612  -1.77204  
9.65899  -6.58525  7.51151  -5.51151  2.26726  -1.75575  
9.68142  -6.57965  7.47787  -5.47787  2.21681  -1.73894  
9.70384  -6.57404  7.44424  -5.44424  2.16636  -1.72212  
9.72591  -6.56852  7.41114  -5.41114  2.1167  -1.70557  
9.74869  -6.56283  7.37697  -5.37697  2.06545  -1.68848  
9.77005  -6.55749  7.34493  -5.34493  2.0174  -1.67247  
9.79674  -6.55081  7.30489  -5.30489  1.95733  -1.65244  
9.81596  -6.54601  7.27606  -5.27606  1.91409  -1.63803  
9.8423  -6.53942  7.23655  -5.23655  1.85482  -1.61827  
9.8601  -6.53498  7.20985  -5.20985  1.81478  -1.60493  
9.88145  -6.52964  7.17782  -5.17782  1.76673  -1.58891  
9.90388  -6.52403  7.14418  -5.14418  1.71628  -1.57209  
9.92559  -6.5186  7.11162  -5.11162  1.66742  -1.55581  
9.94872  -6.51282  7.07691  -5.07691  1.61537  -1.53846  
9.97328  -6.50668  7.04007  -5.04007  1.56011  -1.52004  
9.99286  -6.50178  7.01071  -5.01071  1.51606  -1.50535  
10.0149  -6.49627  6.97761  -4.97761  1.46641  -1.4888  
10.0413  -6.48968  6.9381  -4.9381  1.40715  -1.46905  
10.0601  -6.48497  6.9098  -4.9098  1.3647  -1.4549  
10.0833  -6.47918  6.8751  -4.8751  1.31265  -1.43755  
10.1043  -6.47393  6.8436  -4.8436  1.2654  -1.4218  
10.127  -6.46824  6.80943  -4.80943  1.21414  -1.40471  
10.1491  -6.46272  6.77633  -4.77633  1.16449  -1.38816  
10.1715  -6.45712  6.74269  -4.74269  1.11404  -1.37135  
10.1936  -6.4516  6.70959  -4.70959  1.06438  -1.35479  
10.2199  -6.44501  6.67008  -4.67008  1.00512  -1.33504  
10.2434  -6.43914  6.63484  -4.63484  0.952263  -1.31742  
10.2602  -6.43496  6.60975  -4.60975  0.914623  -1.30487  
10.2826  -6.42935  6.57611  -4.57611  0.864169  -1.28806  
10.3054  -6.42366  6.54194  -4.54194  0.812914  -1.27097  
10.3264  -6.41841  6.51044  -4.51044  0.765664  -1.25522  
10.3492  -6.41271  6.47627  -4.47627  0.714409  -1.23814  
10.3726  -6.40684  6.44104  -4.44104  0.661553  -1.22052  
10.3954  -6.40114  6.40687  -4.40687  0.610299  -1.20343  
10.4203  -6.39492  6.36949  -4.36949  0.554239  -1.18475  
10.4378  -6.39056  6.34333  -4.34333  0.514997  -1.17167  
10.4606  -6.38486  6.30916  -4.30916  0.463742  -1.15458  
10.4823  -6.37943  6.27659  -4.27659  0.41489  -1.1383  
10.5086  -6.37285  6.23708  -4.23708  0.355627  -1.11854  
10.5275  -6.36813  6.20879  -4.20879  0.313182  -1.10439  
10.5542  -6.36146  6.16875  -4.16875  0.253118  -1.08437  
10.5713  -6.35719  6.14312  -4.14312  0.214677  -1.07156  
10.5937  -6.35158  6.10948  -4.10948  0.164223  -1.05474  
10.6154  -6.34615  6.07691  -4.07691  0.115371  -1.03846  
10.6382  -6.34046  6.04274  -4.04274  0.0641169  -1.02137  
10.6606  -6.33485  6.00911  -4.00911  0.0136631  -1.00455  
10.6852  -6.32871  5.97227  -3.97227  -0.0415957  -0.986135  
10.7065  -6.32337  5.94024  -3.94024  -0.0896469  -0.970118  
10.7275  -6.31812  5.90874  -3.90874  -0.136897  -0.954368  
10.7496  -6.31261  5.87563  -3.87563  -0.18655  -0.937817  
10.7773  -6.30566  5.83399  -3.83399  -0.249017  -0.916994  
10.7944  -6.30139  5.80836  -3.80836  -0.287458  -0.904181  
10.8161  -6.29597  5.77579  -3.77579  -0.33631  -0.887897  
10.8389  -6.29027  5.74162  -3.74162  -0.387564  -0.870812  
10.8603  -6.28493  5.70959  -3.70959  -0.435615  -0.854795  
10.8827  -6.27933  5.67595  -3.67595  -0.486069  -0.837977  
10.9055  -6.27363  5.64178  -3.64178  -0.537324  -0.820892  
10.9325  -6.26687  5.60121  -3.60121  -0.598188  -0.800604  
10.9496  -6.2626  5.57558  -3.57558  -0.636629  -0.78779  
10.9717  -6.25708  5.54248  -3.54248  -0.686282  -0.771239  
10.9941  -6.25147  5.50884  -3.50884  -0.736736  -0.754421  
11.0172  -6.24569  5.47414  -3.47414  -0.788791  -0.73707  
11.0382  -6.24044  5.44264  -3.44264  -0.836042  -0.721319  
11.0621  -6.23448  5.40687  -3.40687  -0.889699  -0.703434  
11.0842  -6.22896  5.37377  -3.37377  -0.939352  -0.686883  
11.1048  -6.2238  5.3428  -3.3428  -0.985801  -0.6714  
11.1276  -6.2181  5.30863  -3.30863  -1.03706  -0.654315  
11.1546  -6.21134  5.26805  -3.26805  -1.09792  -0.634026  
11.1717  -6.20707  5.24243  -3.24243  -1.13636  -0.621213  
11.1941  -6.20146  5.20879  -3.20879  -1.18682  -0.604395  
11.2166  -6.19586  5.17515  -3.17515  -1.23727  -0.587577  
11.2422  -6.18945  5.13671  -3.13671  -1.29493  -0.568357  
11.26  -6.185  5.11002  -3.11002  -1.33497  -0.555009  
11.2831  -6.17922  5.07531  -3.07531  -1.38703  -0.537657  
11.3052  -6.1737  5.04221  -3.04221  -1.43668  -0.521106  
11.3276  -6.1681  5.00858  -3.00858  -1.48714  -0.504288  
11.35  -6.16249  4.97494  -2.97494  -1.53759  -0.48747  
11.3728  -6.1568  4.94077  -2.94077  -1.58884  -0.470386  
11.397  -6.15074  4.90447  -2.90447  -1.6433  -0.452233  
11.4198  -6.14505  4.8703  -2.8703  -1.69456  -0.435148  
11.4394  -6.14016  4.84093  -2.84093  -1.7386  -0.420466  
11.4614  -6.13464  4.80783  -2.80783  -1.78826  -0.403915  
11.4832  -6.12921  4.77526  -2.77526  -1.83711  -0.387631  
11.5059  -6.12352  4.74109  -2.74109  -1.88836  -0.370546  
11.528  -6.118  4.70799  -2.70799  -1.93802  -0.353995  
11.5508  -6.1123  4.67382  -2.67382  -1.98927  -0.33691  
11.5729  -6.10679  4.64072  -2.64072  -2.03892  -0.320359  
11.5946  -6.10136  4.60815  -2.60815  -2.08777  -0.304075  
11.6181  -6.09549  4.57291  -2.57291  -2.14063  -0.286456  
11.6398  -6.09006  4.54034  -2.54034  -2.18948  -0.270172  
11.6615  -6.08463  4.50778  -2.50778  -2.23834  -0.253888  
11.6832  -6.0792  4.47521  -2.47521  -2.28719  -0.237604  
11.7056  -6.0736  4.44157  -2.44157  -2.33764  -0.220786  
11.7288  -6.06781  4.40687  -2.40687  -2.3897  -0.203435  
11.7505  -6.06238  4.3743  -2.3743  -2.43855  -0.187151  
11.7779  -6.05553  4.33319  -2.33319  -2.50021  -0.166595  
11.7953  -6.05117  4.30703  -2.30703  -2.53946  -0.153515  
11.8174  -6.04565  4.27393  -2.27393  -2.58911  -0.136964  
11.8384  -6.0404  4.24243  -2.24243  -2.63636  -0.121214  
11.8661  -6.03346  4.20078  -2.20078  -2.69883  -0.100391  
11.885  -6.02875  4.17249  -2.17249  -2.74127  -0.0862431  
11.9071  -6.02323  4.13938  -2.13938  -2.79092  -0.0696921  
11.9288  -6.0178  4.10682  -2.10682  -2.83978  -0.0534081  
11.9519  -6.01202  4.07213  -2.07213  -2.8918  -0.036067  
11.9741  -6.00649  4.03892  -2.03892  -2.94161  -0.0194618  
11.9875  -6.00312  4.01872  -2.01872  -2.97191  -0.00936247  
11.9968  -6.0008  4.00478  -2.00478  -2.99283  -0.00239002  
11.9998  -6.00005  4.0003  -2.0003  -2.99955  -0.000151513  
12  -6.00002  4.00001  -1.99997  -2.99999  3.20975e-05  
11.9943  -6.00208  4.00104  -1.99584  -2.99844  0.00416454  
11.9715  -6.01038  4.00519  -1.97925  -2.99222  0.0207521  
11.9218  -6.02843  4.01422  -1.94314  -2.97868  0.0568641  
11.8507  -6.05428  4.02714  -1.89143  -2.95929  0.10857  
11.7776  -6.08087  4.04043  -1.83827  -2.93935  0.16173  
11.6955  -6.11071  4.05535  -1.77858  -2.91697  0.221419  
11.6197  -6.13829  4.06915  -1.72341  -2.89628  0.276586  
11.5463  -6.16497  4.08249  -1.67006  -2.87627  0.329944  
11.4667  -6.19391  4.09696  -1.61218  -2.85457  0.387825  
11.3847  -6.22376  4.11188  -1.55249  -2.83218  0.447514  
11.3101  -6.25089  4.12544  -1.49822  -2.81183  0.501776  
11.2168  -6.2848  4.1424  -1.4304  -2.7864  0.569605  
11.1496  -6.30922  4.15461  -1.38156  -2.76808  0.618441  
11.08  -6.33454  4.16727  -1.33091  -2.74909  0.669086  
10.9979  -6.36439  4.18219  -1.27122  -2.72671  0.728775  
10.9221  -6.39197  4.19599  -1.21606  -2.70602  0.783943  
10.8425  -6.42091  4.21046  -1.15818  -2.68432  0.841823  
10.7542  -6.45302  4.22651  -1.09397  -2.66024  0.906034  
10.6796  -6.48015  4.24007  -1.0397  -2.63989  0.960296  
10.6124  -6.50457  4.25228  -0.990867  -2.62158  1.00913  
10.5229  -6.53712  4.26856  -0.925752  -2.59716  1.07425  
10.4495  -6.5638  4.2819  -0.872394  -2.57715  1.12761  
10.3774  -6.59003  4.29502  -0.81994  -2.55748  1.18006  
10.2991  -6.61852  4.30926  -0.762964  -2.53611  1.23704  
10.222  -6.64655  4.32328  -0.706892  -2.51508  1.29311  
10.1474  -6.67369  4.33684  -0.65263  -2.49474  1.34737  
10.0665  -6.70308  4.35154  -0.593845  -2.47269  1.40616  
9.98695  -6.73202  4.36601  -0.535965  -2.45099  1.46404  
9.90488  -6.76186  4.38093  -0.476276  -2.4286  1.52372  
9.82654  -6.79035  4.39518  -0.4193  -2.40724  1.5807  
9.75566  -6.81612  4.40806  -0.36775  -2.38791  1.63225  
9.6798  -6.84371  4.42185  -0.312583  -2.36722  1.68742  
9.6027  -6.87174  4.43587  -0.256512  -2.34619  1.74349  
9.51939  -6.90204  4.45102  -0.195918  -2.32347  1.80408  
9.44726  -6.92827  4.46413  -0.143464  -2.3038  1.85654  
9.36768  -6.95721  4.4786  -0.0855842  -2.28209  1.91442  
9.29058  -6.98524  4.49262  -0.0295127  -2.26107  1.97049  
9.20851  -7.01509  4.50754  0.0301763  -2.23868  2.03018  
9.13638  -7.04132  4.52066  0.0826303  -2.21901  2.08263  
9.0568  -7.07026  4.53513  0.14051  -2.19731  2.14051  
8.98094  -7.09784  4.54892  0.195678  -2.17662  2.19568  
8.9026  -7.12633  4.56316  0.252653  -2.15525  2.25265  
8.82302  -7.15527  4.57763  0.310534  -2.13355  2.31053  
8.74467  -7.18375  4.59188  0.36751  -2.11218  2.36751  
8.66882  -7.21134  4.60567  0.422677  -2.0915  2.42268  
8.59296  -7.23892  4.61946  0.477844  -2.07081  2.47784  
8.51338  -7.26786  4.63393  0.535724  -2.0491  2.53572  
8.43379  -7.2968  4.6484  0.593604  -2.0274  2.5936  
8.3567  -7.32484  4.66242  0.649676  -2.00637  2.64968  
8.27711  -7.35378  4.67689  0.707556  -1.98467  2.70756  
8.19877  -7.38227  4.69113  0.764532  -1.9633  2.76453  
8.11794  -7.41166  4.70583  0.823316  -1.94126  2.82332  
8.04333  -7.43879  4.71939  0.877579  -1.92091  2.87758  
7.96747  -7.46637  4.73319  0.932746  -1.90022  2.93275  
7.8854  -7.49622  4.74811  0.992435  -1.87784  2.99244  
7.80582  -7.52516  4.76258  1.05032  -1.85613  3.05032  
7.72374  -7.555  4.7775  1.11  -1.83375  3.11  
7.64665  -7.58304  4.79152  1.16608  -1.81272  3.16608  
7.57825  -7.60791  4.80395  1.21582  -1.79407  3.21582  
7.49867  -7.63685  4.81842  1.2737  -1.77236  3.2737  
7.41908  -7.66579  4.83289  1.33158  -1.75066  3.33158  
7.34571  -7.69247  4.84623  1.38494  -1.73065  3.38494  
7.2711  -7.7196  4.8598  1.4392  -1.7103  3.4392  
7.19276  -7.74809  4.87404  1.49617  -1.68893  3.49617  
7.11442  -7.77657  4.88829  1.55315  -1.66757  3.55315  
7.02613  -7.80868  4.90434  1.61736  -1.64349  3.61736  
6.95649  -7.834  4.917  1.66801  -1.6245  3.66801  
6.88064  -7.86159  4.93079  1.72317  -1.60381  3.72317  
6.8023  -7.89007  4.94504  1.78015  -1.58244  3.78015  
6.72395  -7.91856  4.95928  1.83712  -1.56108  3.83712  
6.6481  -7.94615  4.97307  1.89229  -1.54039  3.89229  
6.56976  -7.97463  4.98732  1.94927  -1.51902  3.94927  
6.49017  -8.00357  5.00179  2.00715  -1.49732  4.00715  
6.41307  -8.03161  5.0158  2.06322  -1.47629  4.06322  
6.32727  -8.06281  5.03141  2.12562  -1.45289  4.12562  
6.24271  -8.09356  5.04678  2.18712  -1.42983  4.18712  
6.17556  -8.11798  5.05899  2.23596  -1.41152  4.23596  
6.10095  -8.14511  5.07255  2.29022  -1.39117  4.29022  
6.02261  -8.1736  5.0868  2.34719  -1.3698  4.34719  
5.94551  -8.20163  5.10082  2.40327  -1.34878  4.40327  
5.86717  -8.23012  5.11506  2.46024  -1.32741  4.46024  
5.7739  -8.26404  5.13202  2.52807  -1.30197  4.52807  
5.71297  -8.28619  5.1431  2.57238  -1.28536  4.57238  
5.63712  -8.31378  5.15689  2.62755  -1.26467  4.62755  
5.55877  -8.34226  5.17113  2.68453  -1.2433  4.68453  
5.48168  -8.3703  5.18515  2.7406  -1.22228  4.7406  
5.40333  -8.39879  5.19939  2.79757  -1.20091  4.79757  
5.32624  -8.42682  5.21341  2.85365  -1.17988  4.85365  
5.24416  -8.45667  5.22833  2.91334  -1.1575  4.91334  
5.16955  -8.4838  5.2419  2.9676  -1.13715  4.9676  
5.08126  -8.5159  5.25795  3.03181  -1.11307  5.03181  
5.01536  -8.53987  5.26994  3.07974  -1.0951  5.07974  
4.93577  -8.56881  5.28441  3.13762  -1.07339  5.13762  
4.85245  -8.59911  5.29955  3.19821  -1.05067  5.19821  
4.78282  -8.62443  5.31221  3.24886  -1.03168  5.24886  
4.70572  -8.65247  5.32623  3.30493  -1.01065  5.30493  
4.62613  -8.68141  5.3407  3.36281  -0.988946  5.36281  
4.54904  -8.70944  5.35472  3.41888  -0.967919  5.41888  
4.46945  -8.73838  5.36919  3.47676  -0.946214  5.47676  
4.38987  -8.76732  5.38366  3.53464  -0.924509  5.53464  
4.31401  -8.79491  5.39745  3.58981  -0.903821  5.58981  
4.2195  -8.82927  5.41464  3.65854  -0.878046  5.65854  
4.1623  -8.85007  5.42504  3.70014  -0.862446  5.70014  
4.08147  -8.87946  5.43973  3.75893  -0.840401  5.75893  
4.00562  -8.90705  5.45352  3.8141  -0.819714  5.8141  
3.92728  -8.93554  5.46777  3.87107  -0.798348  5.87107  
3.84645  -8.96493  5.48246  3.92986  -0.776304  5.92986  
3.75318  -8.99884  5.49942  3.99769  -0.750868  5.99769  
3.69598  -9.01964  5.50982  4.03929  -0.735267  6.03929  
3.6164  -9.04858  5.52429  4.09717  -0.713562  6.09717  
3.53805  -9.07707  5.53854  4.15414  -0.692196  6.15414  
3.46096  -9.10511  5.55255  4.21021  -0.67117  6.21021  
3.38386  -9.13314  5.56657  4.26629  -0.650143  6.26629  
3.30178  -9.16299  5.58149  4.32597  -0.627759  6.32597  
3.2309  -9.18876  5.59438  4.37752  -0.608428  6.37752  
3.15132  -9.2177  5.60885  4.4354  -0.586723  6.4354  
3.07049  -9.24709  5.62355  4.49419  -0.564679  6.49419  
2.99712  -9.27377  5.63689  4.54755  -0.54467  6.54755  
2.91754  -9.30271  5.65136  4.60543  -0.522965  6.60543  
2.8392  -9.3312  5.6656  4.6624  -0.501599  6.6624  
2.75588  -9.3615  5.68075  4.723  -0.478876  6.723  
2.67132  -9.39225  5.69612  4.78449  -0.455814  6.78449  
2.60417  -9.41667  5.70833  4.83333  -0.437501  6.83333  
2.52458  -9.44561  5.7228  4.89121  -0.415796  6.89121  
2.44749  -9.47364  5.73682  4.94728  -0.394769  6.94728  
2.37163  -9.50122  5.75061  5.00245  -0.374081  7.00245  
2.29205  -9.53017  5.76508  5.06033  -0.352376  7.06033  
2.21992  -9.55639  5.7782  5.11278  -0.332706  7.11278  
2.13288  -9.58805  5.79402  5.17609  -0.308966  7.17609  
2.05702  -9.61563  5.80781  5.23126  -0.288278  7.23126  
1.97744  -9.64457  5.82228  5.28914  -0.266573  7.28914  
1.90655  -9.67034  5.83517  5.34069  -0.247242  7.34069  
1.82821  -9.69883  5.84942  5.39766  -0.225876  7.39766  
1.75111  -9.72687  5.86343  5.45373  -0.204849  7.45373  
1.67526  -9.75445  5.87723  5.5089  -0.184162  7.5089  
1.59692  -9.78294  5.89147  5.56588  -0.162796  7.56588  
1.51858  -9.81143  5.90571  5.62285  -0.14143  7.62285  
1.44148  -9.83946  5.91973  5.67893  -0.120403  7.67893  
1.35941  -9.86931  5.93465  5.73861  -0.0980197  7.73861  
1.26739  -9.90277  5.95138  5.80554  -0.0729232  7.80554  
1.20894  -9.92402  5.96201  5.84804  -0.0569835  7.84804  
1.13035  -9.9526  5.9763  5.9052  -0.0355488  7.9052  
1.06549  -9.97619  5.98809  5.95237  -0.0178601  7.95237  
1.02228  -9.9919  5.99595  5.9838  -0.0060756  7.9838  
1.00299  -9.99891  5.99946  5.99783  -0.000814211  7.99783  
1.01389  -10.0107  5.99675  5.99701  0.000565871  7.99405  
0.998986  -9.99841  5.99884  5.99942  0.00130326  7.99899  
0.993297  -9.98947  5.99234  5.99617  0.00861856  7.9933  
0.974192  -9.95944  5.9705  5.98525  0.0331822  7.97419  
0.938398  -9.9032  5.9296  5.9648  0.0792029  7.9384  
0.901502  -9.84522  5.88743  5.94372  0.12664  7.9015  
0.861958  -9.78308  5.84224  5.92112  0.177483  7.86196  
0.819731  -9.71672  5.79398  5.89699  0.231775  7.81973  
0.776834  -9.64931  5.74495  5.87248  0.286928  7.77683  
0.735948  -9.58506  5.69823  5.84911  0.339496  7.73595  
0.695061  -9.52081  5.6515  5.82575  0.392064  7.69506  
0.650154  -9.45024  5.60018  5.80009  0.449802  7.65015  
0.611949  -9.3902  5.55651  5.77826  0.498923  7.61195  
0.567711  -9.32069  5.50596  5.75298  0.5558  7.56771  
0.527495  -9.25749  5.45999  5.73  0.607506  7.5275  
0.481917  -9.18587  5.40791  5.70395  0.666107  7.48192  
0.43902  -9.11846  5.35888  5.67944  0.72126  7.43902  
0.396793  -9.0521  5.31062  5.65531  0.775551  7.39679  
0.359929  -8.99417  5.26849  5.63425  0.822949  7.35993  
0.317702  -8.92782  5.22023  5.61012  0.87724  7.3177  
0.276816  -8.86357  5.1735  5.58675  0.929808  7.27682  
0.229227  -8.78879  5.11912  5.55956  0.990994  7.22923  
0.192362  -8.73086  5.07699  5.53849  1.03839  7.19236  
0.146784  -8.65923  5.0249  5.51245  1.09699  7.14678  
0.109249  -8.60025  4.982  5.491  1.14525  7.10925  
0.0663525  -8.53284  4.93297  5.46649  1.2004  7.06635  
0.0241258  -8.46648  4.88472  5.44236  1.2547  7.02413  
-0.0254739  -8.38854  4.82803  5.41401  1.31847  6.97453  
-0.0576466  -8.33798  4.79126  5.39563  1.35983  6.94235  
-0.100544  -8.27057  4.74224  5.37112  1.41498  6.89946  
-0.143441  -8.20316  4.69321  5.34661  1.47014  6.85656  
-0.188348  -8.1326  4.64189  5.32094  1.52788  6.81165  
-0.232586  -8.06308  4.59133  5.29567  1.58475  6.76741  
-0.272132  -8.00094  4.54614  5.27307  1.6356  6.72787  
-0.311007  -7.93985  4.50171  5.25085  1.68558  6.68899  
-0.351893  -7.8756  4.45498  5.22749  1.73815  6.64811  
-0.396131  -7.80608  4.40442  5.20221  1.79503  6.60387  
-0.435006  -7.74499  4.35999  5.18  1.84501  6.56499  
-0.478573  -7.67653  4.3102  5.1551  1.90102  6.52143  
-0.519459  -7.61228  4.26347  5.13174  1.95359  6.48054  
-0.561686  -7.54592  4.21522  5.10761  2.00788  6.43831  
-0.603913  -7.47957  4.16696  5.08348  2.06217  6.39609  
-0.64681  -7.41216  4.11793  5.05897  2.11733  6.35319  
-0.69775  -7.33211  4.05971  5.02986  2.18282  6.30225  
-0.729923  -7.28155  4.02295  5.01147  2.22419  6.27008  
-0.771479  -7.21625  3.97545  4.98773  2.27762  6.22852  
-0.814376  -7.14884  3.92643  4.96321  2.33277  6.18562  
-0.858614  -7.07932  3.87587  4.93793  2.38965  6.14139  
-0.902181  -7.01086  3.82608  4.91304  2.44566  6.09782  
-0.938375  -6.95398  3.78471  4.89236  2.4922  6.06162  
-0.980602  -6.88763  3.73645  4.86823  2.54649  6.0194  
-1.02886  -6.81179  3.6813  4.84065  2.60854  5.97114  
-1.07109  -6.74543  3.63304  4.81652  2.66283  5.92891  
-1.11331  -6.67908  3.58478  4.79239  2.71712  5.88669  
-1.14817  -6.62431  3.54495  4.77248  2.76193  5.85183  
-1.19107  -6.5569  3.49593  4.74796  2.81708  5.80893  
-1.23262  -6.49159  3.44843  4.72422  2.87051  5.76738  
-1.2782  -6.41997  3.39634  4.69817  2.92911  5.7218  
-1.3211  -6.35256  3.34732  4.67366  2.98427  5.6789  
-1.35863  -6.29358  3.30442  4.65221  3.03253  5.64137  
-1.39952  -6.22933  3.25769  4.62885  3.08509  5.60048  
-1.44174  -6.16297  3.20943  4.60472  3.13939  5.55826  
-1.48263  -6.09872  3.16271  4.58135  3.19195  5.51737  
-1.52553  -6.03131  3.11368  4.55684  3.24711  5.47447  
-1.56977  -5.9618  3.06313  4.53156  3.30398  5.43023  
-1.61065  -5.89755  3.0164  4.5082  3.35655  5.38935  
-1.65221  -5.83224  2.96891  4.48445  3.40998  5.34779  
-1.69242  -5.76905  2.92294  4.46147  3.46169  5.30758  
-1.73733  -5.69848  2.87162  4.43581  3.51943  5.26267  
-1.77621  -5.63739  2.82719  4.4136  3.56941  5.22379  
-1.81709  -5.57314  2.78046  4.39023  3.62198  5.18291  
-1.86133  -5.50362  2.72991  4.36495  3.67885  5.13867  
-1.90222  -5.43937  2.68318  4.34159  3.73142  5.09778  
-1.94444  -5.37302  2.63492  4.31746  3.78571  5.05556  
-1.98734  -5.30561  2.5859  4.29295  3.84087  5.01266  
-2.02756  -5.24241  2.53994  4.26997  3.89257  4.97244  
-2.07045  -5.175  2.49091  4.24546  3.94773  4.92955  
-2.11  -5.11286  2.44572  4.22286  3.99857  4.89  
-2.15357  -5.0444  2.39592  4.19796  4.05459  4.84643  
-2.19579  -4.97804  2.34766  4.17383  4.10888  4.80421  
-2.23668  -4.91379  2.30094  4.15047  4.16145  4.76332  
-2.27891  -4.84743  2.25268  4.12634  4.21574  4.72109  
-2.32381  -4.77686  2.20136  4.10068  4.27348  4.67619  
-2.36671  -4.70945  2.15233  4.07617  4.32863  4.63329  
-2.40425  -4.65047  2.10943  4.05472  4.37689  4.59575  
-2.4458  -4.58517  2.06194  4.03097  4.43032  4.5542  
-2.48803  -4.51881  2.01368  4.00684  4.48461  4.51197  
-2.53026  -4.45246  1.96542  3.98271  4.5389  4.46974  
-2.57181  -4.38715  1.91793  3.95896  4.59233  4.42819  
-2.61672  -4.31658  1.86661  3.9333  4.65007  4.38328  
-2.65694  -4.25339  1.82064  3.91032  4.70177  4.34306  
-2.70452  -4.1786  1.76626  3.88313  4.76296  4.29548  
-2.74072  -4.12173  1.72489  3.86245  4.8095  4.25928  
-2.78898  -4.04589  1.66974  3.83487  4.87154  4.21102  
-2.82651  -3.98691  1.62684  3.81342  4.9198  4.17349  
-2.8674  -3.92266  1.58012  3.79006  4.97237  4.1326  
-2.91298  -3.85104  1.52803  3.76401  5.03097  4.08702  
-2.94917  -3.79416  1.48666  3.74333  5.07751  4.05083  
-2.9914  -3.7278  1.4384  3.7192  5.1318  4.0086  
-3.03295  -3.6625  1.39091  3.69545  5.18523  3.96705  
-3.07853  -3.59088  1.33882  3.66941  5.24383  3.92147  
-3.11674  -3.53084  1.29516  3.64758  5.29295  3.88326  
-3.15896  -3.46448  1.2469  3.62345  5.34724  3.84104  
-3.20119  -3.39813  1.19864  3.59932  5.40153  3.79881  
-3.24275  -3.33282  1.15115  3.57557  5.45496  3.75725  
-3.28564  -3.26542  1.10212  3.55106  5.51011  3.71436  
-3.33189  -3.19274  1.04926  3.52463  5.56958  3.66811  
-3.36809  -3.13586  1.0079  3.50395  5.61611  3.63191  
-3.41098  -3.06845  0.958875  3.47944  5.67127  3.58902  
-3.45321  -3.0021  0.910616  3.45531  5.72556  3.54679  
-3.49678  -2.93363  0.860825  3.43041  5.78157  3.50322  
-3.54035  -2.86517  0.811034  3.40552  5.83759  3.45965  
-3.58257  -2.79881  0.762774  3.38139  5.89188  3.41743  
-3.62212  -2.73667  0.717579  3.35879  5.94272  3.37788  
-3.66233  -2.67348  0.671618  3.33581  5.99443  3.33767  
-3.70456  -2.60712  0.623359  3.31168  6.04872  3.29544  
-3.7488  -2.5376  0.572802  3.2864  6.1056  3.2512  
-3.78767  -2.47651  0.528373  3.26419  6.15558  3.21233  
-3.82789  -2.41332  0.482412  3.24121  6.20729  3.17211  
-3.87079  -2.34591  0.433387  3.21669  6.26244  3.12921  
-3.91234  -2.2806  0.385894  3.19295  6.31587  3.08766  
-3.95859  -2.20793  0.333039  3.16652  6.37533  3.04141  
-3.99747  -2.14684  0.288609  3.1443  6.42531  3.00253  
-4.03902  -2.08154  0.241116  3.12056  6.47874  2.96098  
-4.08661  -2.00675  0.186729  3.09336  6.53993  2.91339  
-4.12214  -1.95093  0.14613  3.07307  6.5856  2.87786  
-4.16302  -1.88668  0.0994031  3.0497  6.63817  2.83698  
-4.20793  -1.81611  0.04808  3.02404  6.69591  2.79207  
-4.24815  -1.75291  0.0021189  3.00106  6.74762  2.75185  
-4.29372  -1.68129  -0.0499703  2.97501  6.80622  2.70628  
-4.33528  -1.61599  -0.0974634  2.95127  6.85965  2.66472  
-4.37684  -1.55068  -0.144956  2.92752  6.91308  2.62316  
-4.41906  -1.48433  -0.193216  2.90339  6.96737  2.58094  
-4.46196  -1.41692  -0.242241  2.87888  7.02252  2.53804  
-4.4995  -1.35794  -0.285138  2.85743  7.07078  2.5005  
-4.54038  -1.29369  -0.331865  2.83407  7.12335  2.45962  
-4.58328  -1.22628  -0.38089  2.80956  7.1785  2.41672  
-4.62416  -1.16203  -0.427617  2.78619  7.23107  2.37584  
-4.66773  -1.09356  -0.477408  2.7613  7.28708  2.33227  
-4.70862  -1.02931  -0.524135  2.73793  7.33965  2.29138  
-4.75017  -0.964011  -0.571628  2.71419  7.39308  2.24983  
-4.79307  -0.896602  -0.620653  2.68967  7.44824  2.20693  
-4.83396  -0.832352  -0.66738  2.66631  7.5008  2.16604  
-4.87551  -0.767049  -0.714874  2.64256  7.55423  2.12449  
-4.91975  -0.697533  -0.765431  2.61728  7.61111  2.08025  
-4.96064  -0.633283  -0.812158  2.59392  7.66368  2.03936  
-5.00286  -0.566927  -0.860417  2.56979  7.71797  1.99714  
-5.04844  -0.495304  -0.912506  2.54375  7.77657  1.95156  
-5.08732  -0.434214  -0.956935  2.52153  7.82655  1.91268  
-5.12686  -0.372071  -1.00213  2.49893  7.8774  1.87314  
-5.16976  -0.304661  -1.05116  2.47442  7.93255  1.83024  
-5.21132  -0.239358  -1.09865  2.45068  7.98598  1.78868  
-5.25354  -0.173002  -1.14691  2.42655  8.04027  1.74646  
-5.29912  -0.10138  -1.199  2.4005  8.09887  1.70088  
-5.34001  -0.0371298  -1.24572  2.37714  8.15144  1.65999  
-5.38022  0.0260667  -1.29168  2.35416  8.20315  1.61978  
-5.42111  0.0903164  -1.33841  2.33079  8.25571  1.57889  
-5.46267  0.155619  -1.38591  2.30705  8.30914  1.53733  
-5.50556  0.223029  -1.43493  2.28253  8.3643  1.49444  
-5.54846  0.290438  -1.48396  2.25802  8.41945  1.45154  
-5.59136  0.357848  -1.53298  2.23351  8.4746  1.40864  
-5.63425  0.425258  -1.58201  2.209  8.52976  1.36575  
-5.67179  0.484241  -1.6249  2.18755  8.57802  1.32821  
-5.71402  0.550597  -1.67316  2.16342  8.63231  1.28598  
-5.75959  0.62222  -1.72525  2.13737  8.69091  1.24041  
-5.79713  0.681203  -1.76815  2.11593  8.73917  1.20287  
-5.83869  0.746506  -1.81564  2.09218  8.7926  1.16131  
-5.88292  0.816022  -1.8662  2.0669  8.84947  1.11708  
-5.9235  0.879786  -1.91257  2.04371  8.90164  1.0765  
-5.96518  0.945291  -1.96021  2.01989  8.95524  1.03482  
-5.98512  0.976613  -1.98299  2.0085  8.98087  1.01488  
-5.99733  0.995804  -1.99695  2.00153  8.99657  1.00267  
-5.99997  0.99996  -1.99997  2.00001  8.99997  1.00003  
-5.99946  1.0003  -1.99952  2.00006  8.99922  0.999761  
-5.99149  1.00473  -1.99243  2.00095  8.9877  0.996217  
-5.96714  1.01825  -1.97079  2.00365  8.95254  0.985397  
-5.91318  1.04823  -1.92283  2.00965  8.8746  0.961415  
-5.86742  1.07365  -1.88215  2.01473  8.8085  0.941077  
-5.80543  1.10809  -1.82705  2.02162  8.71895  0.913525  
-5.74533  1.14148  -1.77363  2.0283  8.63214  0.886813  
-5.68046  1.17752  -1.71596  2.0355  8.53844  0.857981  
-5.62989  1.20561  -1.67102  2.04112  8.4654  0.835509  
-5.56979  1.239  -1.61759  2.0478  8.37859  0.808797  
-5.50301  1.2761  -1.55823  2.05522  8.28213  0.779117  
-5.45054  1.30525  -1.51159  2.06105  8.20634  0.755797  
-5.39235  1.33758  -1.45987  2.06752  8.12228  0.729933  
-5.33225  1.37097  -1.40644  2.07419  8.03547  0.703221  
-5.27119  1.40489  -1.35217  2.08098  7.94728  0.676085  
-5.21109  1.43828  -1.29875  2.08766  7.86046  0.649373  
-5.1529  1.47061  -1.24702  2.09412  7.7764  0.623509  
-5.09375  1.50347  -1.19444  2.10069  7.69097  0.597221  
-5.03078  1.53845  -1.13847  2.10769  7.60002  0.569237  
-4.97068  1.57184  -1.08505  2.11437  7.51321  0.542525  
-4.9144  1.60311  -1.03502  2.12062  7.43191  0.517509  
-4.85525  1.63597  -0.982443  2.12719  7.34647  0.491221  
-4.79324  1.67042  -0.927323  2.13408  7.2569  0.463661  
-4.73504  1.70275  -0.875595  2.14055  7.17284  0.437798  
-4.67303  1.7372  -0.820475  2.14744  7.08327  0.410238  
-4.61675  1.76847  -0.770443  2.15369  7.00197  0.385222  
-4.55665  1.80186  -0.717019  2.16037  6.91516  0.35851  
-4.49654  1.83525  -0.663595  2.16705  6.82834  0.331798  
-4.42977  1.87235  -0.604236  2.17447  6.73188  0.302118  
-4.37539  1.90256  -0.5559  2.18051  6.65334  0.27795  
-4.30861  1.93966  -0.49654  2.18793  6.55688  0.24827  
-4.25805  1.96775  -0.451596  2.19355  6.48384  0.225798  
-4.19699  2.00167  -0.397324  2.20033  6.39565  0.198662  
-4.13689  2.03506  -0.3439  2.20701  6.30884  0.17195  
-4.07965  2.06686  -0.29302  2.21337  6.22616  0.14651  
-4.01859  2.10078  -0.238748  2.22016  6.13797  0.119374  
-3.95944  2.13364  -0.186172  2.22673  6.05253  0.0930862  
-3.90125  2.16597  -0.134444  2.23319  5.96847  0.0672222  
-3.83924  2.20042  -0.0793246  2.24008  5.8789  0.0396623  
-3.77151  2.23805  -0.0191167  2.24761  5.78106  0.00955836  
-3.7219  2.26561  0.0249792  2.25312  5.70941  -0.0124896  
-3.6618  2.299  0.0784031  2.2598  5.62259  -0.0392015  
-3.59883  2.33398  0.134371  2.2668  5.53165  -0.0671855  
-3.54255  2.36525  0.184403  2.27305  5.45035  -0.0922014  
-3.48244  2.39864  0.237827  2.27973  5.36353  -0.118913  
-3.41948  2.43362  0.293795  2.28672  5.27258  -0.146897  
-3.36415  2.46436  0.342979  2.29287  5.19266  -0.171489  
-3.30023  2.49987  0.399794  2.29997  5.10033  -0.199897  
-3.24395  2.53114  0.449826  2.30623  5.01903  -0.224913  
-3.18384  2.56453  0.50325  2.31291  4.93222  -0.251625  
-3.12279  2.59845  0.557522  2.31969  4.84403  -0.278761  
-3.06364  2.63131  0.610098  2.32626  4.75859  -0.305049  
-3.0064  2.66311  0.660978  2.33262  4.67591  -0.330489  
-2.9463  2.6965  0.714402  2.3393  4.5891  -0.357201  
-2.8862  2.72989  0.767826  2.34598  4.50228  -0.383913  
-2.82228  2.7654  0.824642  2.35308  4.40996  -0.412321  
-2.76599  2.79667  0.874673  2.35933  4.32866  -0.437337  
-2.70875  2.82847  0.925553  2.36569  4.24598  -0.462777  
-2.64674  2.86292  0.980673  2.37258  4.15641  -0.490337  
-2.58855  2.89525  1.0324  2.37905  4.07235  -0.516201  
-2.5294  2.92811  1.08498  2.38562  3.98691  -0.542489  
-2.4693  2.9615  1.1384  2.3923  3.9001  -0.5692  
-2.40729  2.99595  1.19352  2.39919  3.81053  -0.59676  
-2.34814  3.02881  1.2461  2.40576  3.72509  -0.623048  
-2.28804  3.0622  1.29952  2.41244  3.63828  -0.64976  
-2.22985  3.09453  1.35125  2.41891  3.55422  -0.675624  
-2.16593  3.13004  1.40806  2.42601  3.4619  -0.704032  
-2.10296  3.16502  1.46403  2.433  3.37095  -0.732016  
-2.04668  3.19629  1.51406  2.43926  3.28965  -0.757032  
-1.98944  3.22809  1.56494  2.44562  3.20697  -0.782472  
-1.9322  3.25989  1.61582  2.45198  3.12429  -0.807912  
-1.87305  3.29275  1.6684  2.45855  3.03885  -0.8342  
-1.8139  3.32561  1.72098  2.46512  2.95341  -0.860488  
-1.75285  3.35953  1.77525  2.47191  2.86522  -0.887624  
-1.69179  3.39345  1.82952  2.47869  2.77703  -0.91476  
-1.62596  3.43002  1.88803  2.486  2.68195  -0.944016  
-1.5754  3.45811  1.93298  2.49162  2.60892  -0.966488  
-1.51339  3.49256  1.9881  2.49851  2.51935  -0.994048  
-1.44947  3.52807  2.04491  2.50561  2.42702  -1.02246  
-1.39796  3.55669  2.0907  2.51134  2.35261  -1.04535  
-1.3369  3.59061  2.14497  2.51812  2.26442  -1.07249  
-1.27394  3.62559  2.20094  2.52512  2.17347  -1.10047  
-1.21575  3.65792  2.25267  2.53158  2.08941  -1.12634  
-1.15278  3.6929  2.30864  2.53858  1.99846  -1.15432  
-1.09268  3.72629  2.36206  2.54526  1.91165  -1.18103  
-1.03735  3.75703  2.41125  2.55141  1.83172  -1.20562  
-0.975338  3.79148  2.46637  2.5583  1.74215  -1.23318  
-0.917144  3.82381  2.51809  2.56476  1.6581  -1.25905  
-0.859904  3.85561  2.56897  2.57112  1.57542  -1.28449  
-0.797894  3.89006  2.62409  2.57801  1.48585  -1.31205  
-0.741608  3.92133  2.67413  2.58427  1.40455  -1.33706  
-0.680553  3.95525  2.7284  2.59105  1.31635  -1.3642  
-0.620451  3.98864  2.78182  2.59773  1.22954  -1.39091  
-0.559395  4.02256  2.83609  2.60451  1.14135  -1.41805  
-0.501201  4.05489  2.88782  2.61098  1.05729  -1.44391  
-0.441099  4.08828  2.94125  2.61766  0.970476  -1.47062  
-0.382905  4.12061  2.99297  2.62412  0.886418  -1.49649  
-0.322803  4.154  3.0464  2.6308  0.799605  -1.5232  
-0.262701  4.18739  3.09982  2.63748  0.712791  -1.54991  
-0.202599  4.22078  3.15324  2.64416  0.625977  -1.57662  
-0.142498  4.25417  3.20667  2.65083  0.539163  -1.60333  
-0.0833497  4.28703  3.25924  2.65741  0.453727  -1.62962  
-0.0222938  4.32095  3.31352  2.66419  0.365536  -1.65676  
0.0359001  4.35328  3.36524  2.67066  0.281478  -1.68262  
0.0960019  4.38667  3.41867  2.67733  0.194664  -1.70933  
0.15515  4.41953  3.47124  2.68391  0.109228  -1.73562  
0.220976  4.4561  3.52976  2.69122  0.0141462  -1.76488  
0.2744  4.48578  3.57724  2.69716  -0.0630216  -1.78862  
0.333547  4.51864  3.62982  2.70373  -0.148457  -1.81491  
0.397465  4.55415  3.68664  2.71083  -0.240783  -1.84332  
0.457567  4.58754  3.74006  2.71751  -0.327597  -1.87003  
0.511945  4.61775  3.7884  2.72355  -0.406143  -1.8942  
0.572047  4.65114  3.84182  2.73023  -0.492957  -1.92091  
0.630241  4.68347  3.89355  2.73669  -0.577015  -1.94677  
0.701791  4.72322  3.95715  2.74464  -0.680364  -1.97857  
0.754261  4.75237  4.00379  2.75047  -0.756154  -2.00189  
0.810547  4.78364  4.05382  2.75673  -0.837456  -2.02691  
0.86874  4.81597  4.10555  2.76319  -0.921514  -2.05277  
0.929796  4.84989  4.15982  2.76998  -1.00971  -2.07991  
0.989898  4.88328  4.21324  2.77666  -1.09652  -2.10662  
1.05  4.91667  4.26667  2.78333  -1.18333  -2.13333  
1.10724  4.94847  4.31755  2.78969  -1.26601  -2.15877  
1.16734  4.98186  4.37097  2.79637  -1.35283  -2.18549  
1.23031  5.01684  4.42694  2.80337  -1.44377  -2.21347  
1.28755  5.04864  4.47782  2.80973  -1.52645  -2.23891  
1.35051  5.08362  4.53379  2.81672  -1.6174  -2.26689  
1.4068  5.11489  4.58382  2.82298  -1.6987  -2.29191  
1.46404  5.14669  4.6347  2.82934  -1.78138  -2.31735  
1.52605  5.18114  4.68982  2.83623  -1.87095  -2.34491  
1.58615  5.21453  4.74324  2.84291  -1.95777  -2.37162  
1.64529  5.24739  4.79582  2.84948  -2.0432  -2.39791  
1.70635  5.28131  4.85009  2.85626  -2.1314  -2.42504  
1.7655  5.31417  4.90267  2.86283  -2.21683  -2.45133  
1.8256  5.34756  4.95609  2.86951  -2.30365  -2.47804  
1.89143  5.38413  5.0146  2.87683  -2.39873  -2.5073  
1.94294  5.41275  5.06039  2.88255  -2.47314  -2.5302  
2.00209  5.44561  5.11297  2.88912  -2.55857  -2.55648  
2.06505  5.48059  5.16894  2.89612  -2.64952  -2.58447  
2.12802  5.51557  5.2249  2.90311  -2.74047  -2.61245  
2.19003  5.55002  5.28002  2.91  -2.83004  -2.64001  
2.24154  5.57864  5.32582  2.91573  -2.90445  -2.66291  
2.29974  5.61097  5.37754  2.92219  -2.98851  -2.68877  
2.36556  5.64754  5.43606  2.92951  -3.08359  -2.71803  
2.42948  5.68305  5.49287  2.93661  -3.17592  -2.74644  
2.48672  5.71485  5.54375  2.94297  -3.2586  -2.77188  
2.54015  5.74453  5.59124  2.94891  -3.33577  -2.79562  
2.60025  5.77791  5.64466  2.95558  -3.42258  -2.82233  
2.65749  5.80971  5.69554  2.96194  -3.50526  -2.84777  
2.71854  5.84363  5.74982  2.96873  -3.59345  -2.87491  
2.7796  5.87755  5.80409  2.97551  -3.68164  -2.90204  
2.83779  5.90988  5.85582  2.98198  -3.7657  -2.92791  
2.89628  5.94238  5.9078  2.98848  -3.85018  -2.9539  
2.94681  5.97045  5.95272  2.99409  -3.92316  -2.97636  
2.98192  5.98996  5.98393  2.99799  -3.97389  -2.99197  
2.9972  5.99845  5.99751  2.99969  -3.99596  -2.99876  
2.99999  6  5.99999  3  -3.99999  -3  
2.99962  5.99924  5.99924  2.99962  -3.99949  -2.99962  
2.9966  5.99319  5.99319  2.9966  -3.99546  -2.9966  
2.99022  5.98044  5.98044  2.99022  -3.98696  -2.99022  
2.98057  5.96113  5.96113  2.98057  -3.97409  -2.98057  
2.96907  5.93815  5.93815  2.96907  -3.95876  -2.96907  
2.95774  5.91549  5.91549  2.95774  -3.94366  -2.95774  
2.94605  5.8921  5.8921  2.94605  -3.92806  -2.94605  
2.93472  5.86944  5.86944  2.93472  -3.91296  -2.93472  
2.92357  5.84714  5.84714  2.92357  -3.8981  -2.92357  
2.91188  5.82375  5.82375  2.91188  -3.8825  -2.91188  
2.89963  5.79927  5.79927  2.89963  -3.86618  -2.89963  
2.88867  5.77734  5.77734  2.88867  -3.85156  -2.88867  
2.87697  5.75395  5.75395  2.87697  -3.83596  -2.87697  
2.86601  5.73202  5.73202  2.86601  -3.82135  -2.86601  
2.85468  5.70936  5.70936  2.85468  -3.80624  -2.85468  
2.84335  5.6867  5.6867  2.84335  -3.79113  -2.84335  
2.83165  5.66331  5.66331  2.83165  -3.77554  -2.83165  
2.82069  5.64138  5.64138  2.82069  -3.76092  -2.82069  
2.80936  5.61872  5.61872  2.80936  -3.74581  -2.80936  
2.79693  5.59387  5.59387  2.79693  -3.72925  -2.79693  
2.78615  5.5723  5.5723  2.78615  -3.71487  -2.78615  
2.77501  5.55001  5.55001  2.77501  -3.70001  -2.77501  
2.76331  5.52662  5.52662  2.76331  -3.68441  -2.76331  
2.75034  5.50067  5.50067  2.75034  -3.66711  -2.75034  
2.74047  5.48094  5.48094  2.74047  -3.65396  -2.74047  
2.72896  5.45791  5.45791  2.72896  -3.63861  -2.72896  
2.71781  5.43562  5.43562  2.71781  -3.62374  -2.71781  
2.7063  5.41259  5.41259  2.7063  -3.60839  -2.7063  
2.69497  5.38993  5.38993  2.69497  -3.59329  -2.69497  
2.68364  5.36727  5.36727  2.68364  -3.57818  -2.68364  
2.67212  5.34425  5.34425  2.67212  -3.56283  -2.67212  
2.66043  5.32086  5.32086  2.66043  -3.54724  -2.66043  
2.64928  5.29856  5.29856  2.64928  -3.53238  -2.64928  
2.63759  5.27517  5.27517  2.63759  -3.51678  -2.63759  
2.62626  5.25251  5.25251  2.62626  -3.50168  -2.62626  
2.61456  5.22912  5.22912  2.61456  -3.48608  -2.61456  
2.60323  5.20646  5.20646  2.60323  -3.47098  -2.60323  
2.59227  5.18453  5.18453  2.59227  -3.45636  -2.59227  
2.58057  5.16114  5.16114  2.58057  -3.44076  -2.58057  
2.56741  5.13483  5.13483  2.56741  -3.42322  -2.56741  
2.55791  5.11582  5.11582  2.55791  -3.41055  -2.55791  
2.54658  5.09316  5.09316  2.54658  -3.39544  -2.54658  
2.53397  5.06795  5.06795  2.53397  -3.37863  -2.53397  
2.52337  5.04675  5.04675  2.52337  -3.3645  -2.52337  
2.51223  5.02446  5.02446  2.51223  -3.34964  -2.51223  
2.50053  5.00106  5.00106  2.50053  -3.33404  -2.50053  
2.48792  4.97585  4.97585  2.48792  -3.31723  -2.48792  
2.47806  4.95611  4.95611  2.47806  -3.30407  -2.47806  
2.46654  4.93309  4.93309  2.46654  -3.28872  -2.46654  
2.45521  4.91043  4.91043  2.45521  -3.27362  -2.45521  
2.44315  4.88631  4.88631  2.44315  -3.25754  -2.44315  
2.43036  4.86072  4.86072  2.43036  -3.24048  -2.43036  
2.41976  4.83952  4.83952  2.41976  -3.22635  -2.41976  
2.40935  4.81869  4.81869  2.40935  -3.21246  -2.40935  
2.39747  4.79494  4.79494  2.39747  -3.19662  -2.39747  
2.38358  4.76716  4.76716  2.38358  -3.17811  -2.38358  
2.37499  4.74998  4.74998  2.37499  -3.16665  -2.37499  
2.3633  4.72659  4.72659  2.3633  -3.15106  -2.3633  
2.3516  4.7032  4.7032  2.3516  -3.13547  -2.3516  
2.34027  4.68054  4.68054  2.34027  -3.12036  -2.34027  
2.32821  4.65642  4.65642  2.32821  -3.10428  -2.32821  
2.31761  4.63522  4.63522  2.31761  -3.09015  -2.31761  
2.30464  4.60927  4.60927  2.30464  -3.07285  -2.30464  
2.29513  4.59027  4.59027  2.29513  -3.06018  -2.29513  
2.2838  4.56761  4.56761  2.2838  -3.04507  -2.2838  
2.27211  4.54422  4.54422  2.27211  -3.02948  -2.27211  
2.2606  4.52119  4.52119  2.2606  -3.01413  -2.2606  
2.24927  4.49853  4.49853  2.24927  -2.99902  -2.24927  
2.23775  4.47551  4.47551  2.23775  -2.98367  -2.23775  
2.22624  4.45248  4.45248  2.22624  -2.96832  -2.22624  
2.21528  4.43056  4.43056  2.21528  -2.9537  -2.21528  
2.20322  4.40643  4.40643  2.20322  -2.93762  -2.20322  
2.19207  4.38414  4.38414  2.19207  -2.92276  -2.19207  
2.18074  4.36148  4.36148  2.18074  -2.90765  -2.18074  
2.16941  4.33882  4.33882  2.16941  -2.89255  -2.16941  
2.1579  4.3158  4.3158  2.1579  -2.8772  -2.1579  
2.14511  4.29021  4.29021  2.14511  -2.86014  -2.14511  
2.13487  4.26975  4.26975  2.13487  -2.8465  -2.13487  
2.12281  4.24562  4.24562  2.12281  -2.83042  -2.12281  
2.1124  4.22479  4.22479  2.1124  -2.81653  -2.1124  
2.10143  4.20286  4.20286  2.10143  -2.80191  -2.10143  
2.08919  4.17838  4.17838  2.08919  -2.78558  -2.08919  
2.07694  4.15389  4.15389  2.07694  -2.76926  -2.07694  
2.06635  4.13269  4.13269  2.06635  -2.75513  -2.06635  
2.05374  4.10747  4.10747  2.05374  -2.73832  -2.05374  
2.04369  4.08737  4.08737  2.04369  -2.72492  -2.04369  
2.03254  4.06508  4.06508  2.03254  -2.71005  -2.03254  
2.0192  4.0384  4.0384  2.0192  -2.69227  -2.0192  
2.00951  4.01903  4.01903  2.00951  -2.67935  -2.00951  
1.99764  3.99527  3.99527  1.99764  -2.66352  -1.99764  
1.98667  3.97334  3.97334  1.98667  -2.6489  -1.98667  
1.97425  3.94849  3.94849  1.97425  -2.63233  -1.97425  
1.96383  3.92766  3.92766  1.96383  -2.61844  -1.96383  
1.9525  3.905  3.905  1.9525  -2.60333  -1.9525  
1.93861  3.87722  3.87722  1.93861  -2.58482  -1.93861  
1.92801  3.85603  3.85603  1.92801  -2.57068  -1.92801  
1.91741  3.83483  3.83483  1.91741  -2.55655  -1.91741  
1.90682  3.81363  3.81363  1.90682  -2.54242  -1.90682  
1.8953  3.79061  3.79061  1.8953  -2.52707  -1.8953  
1.88361  3.76722  3.76722  1.88361  -2.51148  -1.88361  
1.87246  3.74492  3.74492  1.87246  -2.49661  -1.87246  
1.8615  3.72299  3.72299  1.8615  -2.482  -1.8615  
1.8487  3.69741  3.69741  1.8487  -2.46494  -1.8487  
1.83847  3.67694  3.67694  1.83847  -2.4513  -1.83847  
1.82678  3.65355  3.65355  1.82678  -2.4357  -1.82678  
1.81545  3.63089  3.63089  1.81545  -2.4206  -1.81545  
1.80412  3.60823  3.60823  1.80412  -2.40549  -1.80412  
1.79224  3.58448  3.58448  1.79224  -2.38965  -1.79224  
1.78109  3.56218  3.56218  1.78109  -2.37479  -1.78109  
1.76958  3.53916  3.53916  1.76958  -2.35944  -1.76958  
1.75825  3.5165  3.5165  1.75825  -2.34433  -1.75825  
1.74655  3.49311  3.49311  1.74655  -2.32874  -1.74655  
1.73559  3.47118  3.47118  1.73559  -2.31412  -1.73559  
1.72408  3.44815  3.44815  1.72408  -2.29877  -1.72408  
1.71165  3.4233  3.4233  1.71165  -2.2822  -1.71165  
1.70105  3.4021  3.4021  1.70105  -2.26807  -1.70105  
1.68844  3.37689  3.37689  1.68844  -2.25126  -1.68844  
1.67803  3.35605  3.35605  1.67803  -2.23737  -1.67803  
1.66706  3.33413  3.33413  1.66706  -2.22275  -1.66706  
1.65372  3.30745  3.30745  1.65372  -2.20496  -1.65372  
1.64294  3.28588  3.28588  1.64294  -2.19059  -1.64294  
1.63253  3.26505  3.26505  1.63253  -2.1767  -1.63253  
1.62065  3.24129  3.24129  1.62065  -2.16086  -1.62065  
1.60987  3.21973  3.21973  1.60987  -2.14649  -1.60987  
1.59854  3.19707  3.19707  1.59854  -2.13138  -1.59854  
1.58666  3.17332  3.17332  1.58666  -2.11554  -1.58666  
1.57533  3.15066  3.15066  1.57533  -2.10044  -1.57533  
1.56436  3.12873  3.12873  1.56436  -2.08582  -1.56436  
1.55249  3.10497  3.10497  1.55249  -2.06998  -1.55249  
1.54152  3.08304  3.08304  1.54152  -2.05536  -1.54152  
1.53001  3.06002  3.06002  1.53001  -2.04001  -1.53001  
1.51831  3.03663  3.03663  1.51831  -2.02442  -1.51831  
1.5057  3.01141  3.01141  1.5057  -2.00761  -1.5057  
1.49565  2.99131  2.99131  1.49565  -1.99421  -1.49565  
1.48396  2.96792  2.96792  1.48396  -1.97861  -1.48396  
1.47281  2.94562  2.94562  1.47281  -1.96375  -1.47281  
1.46167  2.92333  2.92333  1.46167  -1.94889  -1.46167  
1.45015  2.90031  2.90031  1.45015  -1.93354  -1.45015  
1.43864  2.87728  2.87728  1.43864  -1.91819  -1.43864  
1.42713  2.85425  2.85425  1.42713  -1.90284  -1.42713  
1.41507  2.83013  2.83013  1.41507  -1.88676  -1.41507  
1.40429  2.80857  2.80857  1.40429  -1.87238  -1.40429  
1.39149  2.78299  2.78299  1.39149  -1.85532  -1.39149  
1.38163  2.76325  2.76325  1.38163  -1.84217  -1.38163  
1.36993  2.73986  2.73986  1.36993  -1.82657  -1.36993  
1.3575  2.71501  2.71501  1.3575  -1.81001  -1.3575  
1.34581  2.69162  2.69162  1.34581  -1.79441  -1.34581  
1.3343  2.66859  2.66859  1.3343  -1.77906  -1.3343  
1.32443  2.64886  2.64886  1.32443  -1.7659  -1.32443  
1.31273  2.62547  2.62547  1.31273  -1.75031  -1.31273  
1.30104  2.60208  2.60208  1.30104  -1.73472  -1.30104  
1.28953  2.57905  2.57905  1.28953  -1.71937  -1.28953  
1.27765  2.5553  2.5553  1.27765  -1.70353  -1.27765  
1.2676  2.53519  2.53519  1.2676  -1.69013  -1.2676  
1.25572  2.51144  2.51144  1.25572  -1.67429  -1.25572  
1.24348  2.48695  2.48695  1.24348  -1.65797  -1.24348  
1.2316  2.46319  2.46319  1.2316  -1.64213  -1.2316  
1.22173  2.44346  2.44346  1.22173  -1.62897  -1.22173  
1.20949  2.41897  2.41897  1.20949  -1.61265  -1.20949  
1.19688  2.39375  2.39375  1.19688  -1.59584  -1.19688  
1.18701  2.37402  2.37402  1.18701  -1.58268  -1.18701  
1.17568  2.35136  2.35136  1.17568  -1.56757  -1.17568  
1.1638  2.3276  2.3276  1.1638  -1.55174  -1.1638  
1.15265  2.30531  2.30531  1.15265  -1.53687  -1.15265  
1.14206  2.28411  2.28411  1.14206  -1.52274  -1.14206  
1.13018  2.26036  2.26036  1.13018  -1.5069  -1.13018  
1.11867  2.23733  2.23733  1.11867  -1.49155  -1.11867  
1.10606  2.21211  2.21211  1.10606  -1.47474  -1.10606  
1.09326  2.18653  2.18653  1.09326  -1.45769  -1.09326  
1.08486  2.16972  2.16972  1.08486  -1.44648  -1.08486  
1.07335  2.14669  2.14669  1.07335  -1.43113  -1.07335  
1.06183  2.12367  2.12367  1.06183  -1.41578  -1.06183  
1.05032  2.10064  2.10064  1.05032  -1.40043  -1.05032  
1.03863  2.07725  2.07725  1.03863  -1.38483  -1.03863  
1.02766  2.05532  2.05532  1.02766  -1.37022  -1.02766  
1.01578  2.03157  2.03157  1.01578  -1.35438  -1.01578  
1.00445  2.00891  2.00891  1.00445  -1.33927  -1.00445  
0.993489  1.98698  1.98698  0.993489  -1.32465  -0.993489  
0.981611  1.96322  1.96322  0.981611  -1.30882  -0.981611  
0.970099  1.9402  1.9402  0.970099  -1.29347  -0.970099  
0.957855  1.91571  1.91571  0.957855  -1.27714  -0.957855  
0.947805  1.89561  1.89561  0.947805  -1.26374  -0.947805  
0.935927  1.87185  1.87185  0.935927  -1.2479  -0.935927  
0.924597  1.84919  1.84919  0.924597  -1.2328  -0.924597  
0.912902  1.8258  1.8258  0.912902  -1.2172  -0.912902  
0.901938  1.80388  1.80388  0.901938  -1.20258  -0.901938  
0.889694  1.77939  1.77939  0.889694  -1.18626  -0.889694  
0.877999  1.756  1.756  0.877999  -1.17067  -0.877999  
0.8674  1.7348  1.7348  0.8674  -1.15653  -0.8674  
0.855887  1.71177  1.71177  0.855887  -1.14118  -0.855887  
0.844558  1.68912  1.68912  0.844558  -1.12608  -0.844558  
0.83268  1.66536  1.66536  0.83268  -1.11024  -0.83268  
0.821533  1.64307  1.64307  0.821533  -1.09538  -0.821533  
0.810751  1.6215  1.6215  0.810751  -1.081  -0.810751  
0.799239  1.59848  1.59848  0.799239  -1.06565  -0.799239  
0.786447  1.57289  1.57289  0.786447  -1.0486  -0.786447  
0.775483  1.55097  1.55097  0.775483  -1.03398  -0.775483  
0.764518  1.52904  1.52904  0.764518  -1.01936  -0.764518  
0.753006  1.50601  1.50601  0.753006  -1.00401  -0.753006  
0.741859  1.48372  1.48372  0.741859  -0.989145  -0.741859  
0.730164  1.46033  1.46033  0.730164  -0.973551  -0.730164  
0.719199  1.4384  1.4384  0.719199  -0.958932  -0.719199  
0.707687  1.41537  1.41537  0.707687  -0.943582  -0.707687  
0.696174  1.39235  1.39235  0.696174  -0.928232  -0.696174  
0.684662  1.36932  1.36932  0.684662  -0.912882  -0.684662  
0.672966  1.34593  1.34593  0.672966  -0.897289  -0.672966  
0.662002  1.324  1.324  0.662002  -0.88267  -0.662002  
0.650672  1.30134  1.30134  0.650672  -0.867563  -0.650672  
0.63916  1.27832  1.27832  0.63916  -0.852213  -0.63916  
0.627465  1.25493  1.25493  0.627465  -0.836619  -0.627465  
0.616135  1.23227  1.23227  0.616135  -0.821513  -0.616135  
0.602978  1.20596  1.20596  0.602978  -0.80397  -0.602978  
0.591831  1.18366  1.18366  0.591831  -0.789108  -0.591831  
0.581963  1.16393  1.16393  0.581963  -0.77595  -0.581963  
0.569719  1.13944  1.13944  0.569719  -0.759626  -0.569719  
0.559303  1.11861  1.11861  0.559303  -0.745738  -0.559303  
0.547242  1.09448  1.09448  0.547242  -0.729657  -0.547242  
0.536095  1.07219  1.07219  0.536095  -0.714794  -0.536095  
0.524217  1.04843  1.04843  0.524217  -0.698957  -0.524217  
0.512522  1.02504  1.02504  0.512522  -0.683363  -0.512522  
0.501923  1.00385  1.00385  0.501923  -0.669231  -0.501923  
0.489863  0.979725  0.979725  0.489863  -0.65315  -0.489863  
0.47835  0.9567  0.9567  0.47835  -0.6378  -0.47835  
0.467751  0.935503  0.935503  0.467751  -0.623668  -0.467751  
0.456604  0.913209  0.913209  0.456604  -0.608806  -0.456604  
0.444726  0.889453  0.889453  0.444726  -0.592968  -0.444726  
0.433214  0.866428  0.866428  0.433214  -0.577618  -0.433214  
0.421701  0.843403  0.843403  0.421701  -0.562268  -0.421701  
0.410737  0.821474  0.821474  0.410737  -0.547649  -0.410737  
0.399224  0.798449  0.798449  0.399224  -0.532299  -0.399224  
0.387895  0.775789  0.775789  0.387895  -0.517193  -0.387895  
0.375103  0.750206  0.750206  0.375103  -0.500137  -0.375103  
0.364687  0.729374  0.729374  0.364687  -0.486249  -0.364687  
0.353723  0.707445  0.707445  0.353723  -0.47163  -0.353723  
0.342027  0.684055  0.684055  0.342027  -0.456036  -0.342027  
0.330698  0.661395  0.661395  0.330698  -0.44093  -0.330698  
0.319551  0.639101  0.639101  0.319551  -0.426067  -0.319551  
0.305297  0.610594  0.610594  0.305297  -0.407063  -0.305297  
0.296708  0.593416  0.593416  0.296708  -0.395611  -0.296708  
0.28483  0.569661  0.569661  0.28483  -0.379774  -0.28483  
0.272952  0.545905  0.545905  0.272952  -0.363936  -0.272952  
0.261074  0.522149  0.522149  0.261074  -0.348099  -0.261074  
0.250293  0.500585  0.500585  0.250293  -0.333724  -0.250293  
0.238963  0.477926  0.477926  0.238963  -0.318617  -0.238963  
0.227085  0.45417  0.45417  0.227085  -0.30278  -0.227085  
0.216669  0.433338  0.433338  0.216669  -0.288892  -0.216669  
0.205156  0.410313  0.410313  0.205156  -0.273542  -0.205156  
0.193827  0.387653  0.387653  0.193827  -0.258435  -0.193827  
0.182314  0.364628  0.364628  0.182314  -0.243085  -0.182314  
0.170619  0.341238  0.341238  0.170619  -0.227492  -0.170619  
0.159106  0.318213  0.318213  0.159106  -0.212142  -0.159106  
0.147959  0.295919  0.295919  0.147959  -0.197279  -0.147959  
0.136081  0.272163  0.272163  0.136081  -0.181442  -0.136081  
0.124934  0.249868  0.249868  0.124934  -0.166579  -0.124934  
0.112508  0.225016  0.225016  0.112508  -0.150011  -0.112508  
0.102275  0.204549  0.204549  0.102275  -0.136366  -0.102275  
0.0907622  0.181524  0.181524  0.0907622  -0.121016  -0.0907622  
0.0788842  0.157768  0.157768  0.0788842  -0.105179  -0.0788842  
0.0681026  0.136205  0.136205  0.0681026  -0.0908035  -0.0681026  
0.0558591  0.111718  0.111718  0.0558591  -0.0744789  -0.0558591  
0.0437984  0.0875968  0.0875968  0.0437984  -0.0583979  -0.0437984  
0.0331996  0.0663992  0.0663992  0.0331996  -0.0442661  -0.0331996  
0.0213228  0.0426457  0.0426457  0.0213228  -0.0284304  -0.0213228  
0.0119248  0.0238496  0.0238496  0.0119248  -0.0158997  -0.0119248  
0.00359463  0.00718926  0.00718926  0.00359463  -0.00479284  -0.00359463  
0.000674187  0.00134837  0.00134837  0.000674187  -0.000898917  -0.000674187  
-6.83406e-05  9.20214e-05  -6.1566e-05  -5.06459e-05  4.32074e-05  1.43848e-05  
-6.4892e-05  7.64922e-05  -6.44866e-05  -5.05785e-05  3.95955e-05  1.91809e-05  
-4.97191e-05  7.17143e-05  -6.1566e-05  -4.74168e-05  3.78478e-05  1.43848e-05  
-3.45462e-05  6.69363e-05  -5.86454e-05  -4.42551e-05  3.61001e-05  9.58866e-06  
-1.93733e-05  6.21583e-05  -5.57248e-05  -4.10934e-05  3.43525e-05  4.79252e-06  
7.52856e-06  3.70843e-05  -4.6937e-05  -3.47054e-05  3.4467e-05  -3.22177e-09  
2.27015e-05  3.23063e-05  -4.40164e-05  -3.15437e-05  3.27194e-05  -4.79937e-06  
2.61573e-05  3.827e-05  -3.81493e-05  -2.52881e-05  2.91108e-05  -4.79896e-06  
4.13303e-05  3.3492e-05  -3.52287e-05  -2.21264e-05  2.73631e-05  -9.59511e-06  
5.99518e-05  1.31849e-05  -3.52287e-05  -1.88973e-05  2.20035e-05  -9.59511e-06  
5.99518e-05  1.31849e-05  -3.52287e-05  -1.88973e-05  2.20035e-05  -9.59511e-06  
7.51247e-05  8.4069e-06  -3.23081e-05  -1.57356e-05  2.02558e-05  -1.43912e-05  
6.34076e-05  1.91485e-05  -2.93615e-05  -1.26417e-05  1.83949e-05  -9.5947e-06  
7.85805e-05  1.43705e-05  -2.64409e-05  -9.48005e-06  1.66472e-05  -1.43908e-05  
7.85805e-05  1.43705e-05  -2.64409e-05  -9.48005e-06  1.66472e-05  -1.43908e-05  
6.34195e-05  9.59408e-06  -2.05479e-05  -6.32149e-06  1.83962e-05  -4.79776e-06  
6.34195e-05  9.59408e-06  -2.05479e-05  -6.32149e-06  1.83962e-05  -4.79776e-06  
6.68681e-05  -5.93503e-06  -2.34685e-05  -6.25416e-06  1.47842e-05  -1.61233e-09  
5.85997e-05  -1.07225e-05  -1.46808e-05  -3.09294e-06  9.31136e-06  -4.79735e-06  
5.85997e-05  -1.07225e-05  -1.46808e-05  -3.09294e-06  9.31136e-06  -4.79735e-06  
5.85997e-05  -1.07225e-05  -1.46808e-05  -3.09294e-06  9.31136e-06  -4.79735e-06  
5.85997e-05  -1.07225e-05  -1.46808e-05  -3.09294e-06  9.31136e-06  -4.79735e-06  
4.68827e-05  1.90627e-08  -1.17343e-05  9.54256e-10  7.45043e-06  -8.06768e-10  
4.68827e-05  1.90627e-08  -1.17343e-05  9.54256e-10  7.45043e-06  -8.06768e-10  
3.51584e-05  -1.07321e-05  -8.81364e-06  -3.09341e-06  5.58614e-06  -4.79695e-06  
3.51584e-05  -1.07321e-05  -8.81364e-06  -3.09341e-06  5.58614e-06  -4.79695e-06  
3.51584e-05  -1.07321e-05  -8.81364e-06  -3.09341e-06  5.58614e-06  -4.79695e-06  
3.51584e-05  -1.07321e-05  -8.81364e-06  -3.09341e-06  5.58614e-06  -4.79695e-06  
3.51584e-05  -1.07321e-05  -8.81364e-06  -3.09341e-06  5.58614e-06  -4.79695e-06  
3.51584e-05  -1.07321e-05  -8.81364e-06  -3.09341e-06  5.58614e-06  -4.79695e-06  
2.34413e-05  9.53135e-09  -5.86713e-06  4.77128e-10  3.72521e-06  -4.03384e-10  
2.34413e-05  9.53135e-09  -5.86713e-06  4.77128e-10  3.72521e-06  -4.03384e-10  
2.34413e-05  9.53135e-09  -5.86713e-06  4.77128e-10  3.72521e-06  -4.03384e-10  
2.34413e-05  9.53135e-09  -5.86713e-06  4.77128e-10  3.72521e-06  -4.03384e-10  
2.34413e-05  9.53135e-09  -5.86713e-06  4.77128e-10  3.72521e-06  -4.03384e-10  
2.34413e-05  9.53135e-09  -5.86713e-06  4.77128e-10  3.72521e-06  -4.03384e-10  
