0.000448019
0.00373893
-0.000162916
0.00604135
-0.00086792
0.00219195
8.79088e-05
0.000568438
0.0059724
0.00248163
0.00425532
-0.000907483
0.00638183
0.00053908
0.00307211
0.000792608
0.000503472
3.4615e-05
0.00802314
0.00221507
0.00240139
0.00303175
0.00386894
0.0011458
0.00669793
0.00862337
0.00127412
-4.62589e-05
0.00355981
0.00536402
0.00198335
0.00321677
0.00485233
-0.000296058
-5.10254e-05
0.00414627
0.00429131
0.00315309
0.00382209
0.002526
0.00245452
0.00643718
-0.00025932
0.0108323
0.00961018
0.00247241
0.00771713
-0.00082693
0.0031286
-0.00166552
0.00201536
0.00625424
0.000847741
0.000935411
0.00405404
-0.00073469
-0.00248766
-0.0016617
0.000415377
0.00412407
0.00204554
0.002115
0.00443343
0.00147869
0.00382106
-0.000288435
0.00212216
0.00426606
0.00295333
0.00127723
0.00361126
-0.00308582
0.00102887
-0.0030696
-0.0072569
0.00275041
-0.00728597
-0.00190049
-0.000770576
0.00678061
-0.000424188
0.00221291
0.00255345
0.00308938
0.00247084
0.00316614
0.000665072
0.00123624
0.00153144
-0.00109813
-0.00245701
-0.0050816
-0.0030643
-0.00488432
0.00390499
-0.00571155
0.00399223
0.00371826
-0.000230295
0.000346531
-0.00121833
0.00219648
-0.000952849
-0.00293041
0.000101461
-0.00193122
-0.001699
-0.00275426
-0.00498609
0.000672006
-0.00253942
-0.00198592
0.00307064
-0.000838842
-0.0068861
-0.00292058
0.00211175
-0.00327208
0.00141406
0.00201666
0.00209492
0.00398396
0.000544089
0.00928446
0.00616285
0.00321402
-0.00147125
-0.00153328
-0.000998718
0.00349718
-0.00463721
0.000345405
0.00172787
-0.0045553
0.00532868
-0.000780659
0.00988508
-0.00180523
0.00549274
0.00481227
-4.07727e-05
0.00700575
0.00553161
0.00542025
0.00688087
0.0035283
0.00517587
0.00641533
0.00225741
0.00311065
0.00174857
4.88581e-05
0.000990278
0.00199524
-0.00312927
0.00254702
0.00193973
0.00150806
0.00353186
-0.00495802
-0.00235488
-0.00571128
-0.00259752
0.000218707
-0.000749633
0.00615409
0.000545069
0.00250904
-0.000492772
0.00433869
-0.00187733
0.00817996
0.00294862
0.00786944
-0.00226874
0.00408546
0.00324561
0.00372083
0.00583483
0.00401526
0.000316047
0.00585144
0.000471713
0.00340661
0.00280491
0.00341574
0.00546599
0.00458881
0.00600942
0.00490611
0.0039371
0.00646412
0.00795113
0.00838529
0.00683892
0.00109435
0.00380028
0.0105424
0.00738639
0.00764169
0.00698359
0.00823036
0.00943509
0.00666568
0.00862064
0.0101766
0.00719937
0.0113692
0.00487948
0.0124146
0.0065517
0.0107281
0.00968111
0.00649857
0.0103673
0.00887908
0.00228597
0.0138443
0.00790123
0.008903
0.00977808
0.0101988
0.0128885
0.00675947
0.0108773
0.011272
0.0104135
0.0129102
0.0154583
0.0108585
0.0143115
0.0119879
0.0126492
0.0129372
0.00999424
0.0101971
0.0109305
0.0126501
0.00828357
0.0202608
0.0148829
0.0156148
0.0151467
0.0118083
0.0163476
0.0128667
0.0188557
0.0141232
0.0237143
0.0126895
0.0167819
0.0161782
0.0106515
0.013516
0.0134624
0.0136253
0.0165243
0.0174071
0.0163574
0.0183339
0.0191695
0.0111231
0.0165508
0.0162376
0.0186875
0.0143623
0.0178194
0.0193442
0.0161374
0.0162846
0.0153058
0.012204
0.0175263
0.0164589
0.0163178
0.0168064
0.0158277
0.0171656
0.0169828
0.0169637
0.0170622
0.0178957
0.0202923
0.0229204
0.0183813
0.016412
0.0194027
0.0222433
0.0164141
0.0178709
0.022038
0.021044
0.0246674
0.0183477
0.0244145
0.019477
0.0236775
0.0266317
0.0242459
0.0226852
0.0228681
0.0221108
0.0221723
0.0216317
0.0280815
0.0236695
0.018973
0.026639
0.0164081
0.0229451
0.0249482
0.0200348
0.0254791
0.0165727
0.0237997
0.022785
0.0195519
0.0225672
0.0248536
0.0275958
0.0209244
0.0261163
0.031989
0.0253117
0.024729
0.0300205
0.0330629
0.0278854
0.0279493
0.0333334
0.0265904
0.030018
0.0283812
0.0321253
0.0250371
0.037501
0.0354911
0.0309399
0.0325139
0.0273145
0.032479
0.0268361
0.0270122
0.0267999
0.0251461
0.02821
0.0275743
0.0287788
0.0327833
0.0297952
0.0268985
0.0263914
0.032308
0.0290075
0.036774
0.0365137
0.0331658
0.0333965
0.0299984
0.0324582
0.0258223
0.0305816
0.029384
0.0349415
0.0331086
0.0342782
0.0297221
0.0319164
0.0330193
0.0323151
0.0310677
0.030106
0.0344583
0.0300077
0.0367739
0.0299329
0.0357948
0.0314248
0.0330922
0.0297445
0.0403553
0.0346629
0.0385038
0.0341142
0.0372146
0.0365628
0.0363406
0.0343953
0.0352009
0.0328848
0.0382419
0.0366645
0.0354239
0.0339893
0.0374916
0.0360851
0.0348298
0.0374237
0.0410185
0.0360988
0.0385877
0.0442391
0.0375191
0.045275
0.0357752
0.0448833
0.0376756
0.0386106
0.0372925
0.0438182
0.0393951
0.0402568
0.0377512
0.0413224
0.0362845
0.0399577
0.0396006
0.0376852
0.040665
0.0406892
0.0493341
0.0410891
0.0449487
0.0394048
0.038975
0.0364147
0.0471369
0.040874
0.0465631
0.0428223
0.040525
0.041135
0.0469221
0.0424037
0.0451086
0.0422658
0.0517569
0.0424036
0.0451545
0.0431159
0.045721
0.0436035
0.0404041
0.0474965
0.0448955
0.0420025
0.047387
0.0467706
0.0431884
0.0428082
0.0480424
0.0430228
0.0500595
0.0498893
0.0475618
0.0423965
0.0459095
0.0451766
0.0447811
0.047156
0.0442067
0.0442853
0.046338
0.0536141
0.048392
0.0476589
0.0502162
0.0484695
0.0492955
0.0491911
0.0454357
0.0533343
0.0499352
0.0501412
0.046019
0.0486572
0.0549487
0.0531115
0.0482832
0.0538227
0.054426
0.0473523
0.0542194
0.0483704
0.0497784
0.0528805
0.0447818
0.048707
0.0445895
0.0484154
0.0441504
0.0484315
0.0462169
0.0480213
0.0483851
0.0463232
0.0501143
0.0483859
0.0519307
0.0494259
0.0515092
0.0507132
0.0483178
0.0535752
0.0522634
0.054943
0.0489431
0.0541829
0.0519257
0.054589
0.0483503
0.0557982
0.0553567
0.057219
0.0561528
0.0540462
0.0602005
0.0538441
0.0564657
0.057783
0.0580471
0.0563987
0.0586029
0.0569036
0.0551346
0.0558023
0.0588589
0.0554165
0.0588399
0.0546046
0.0604759
0.0569134
0.0565436
0.0576595
0.0570516
0.0584236
0.0604379
0.0566471
0.0591627
0.059047
0.0639197
0.0646589
0.0572735
0.0654835
0.0633404
0.0675268
0.0665466
0.0666807
0.0637815
0.0643133
0.0662457
0.069137
0.0649294
0.0700943
0.0675219
0.0635554
0.0691441
0.0735254
0.0696175
0.0703057
0.0720721
0.0714104
0.0709792
0.0748072
0.0746573
0.0740762
0.0733576
0.0709097
0.0756106
0.0708509
0.0800762
0.0749159
0.0765098
0.0808852
0.0756832
0.0794894
0.0802059
0.0783534
0.0798703
0.0848637
0.0805733
0.0845461
0.0850479
0.0803718
0.0847832
0.0853097
0.0900694
0.0836782
0.0888911
0.093495
0.0879237
0.0889916
0.0893225
0.0962841
0.0891015
0.0899902
0.0902315
0.0919853
0.0919666
0.0964873
0.0876537
0.0962728
0.0940261
0.0937429
0.0936631
0.0962454
0.0957475
0.096865
0.101209
0.102235
0.100222
0.0986288
0.104744
0.104047
0.102549
0.103643
0.103309
0.104588
0.102262
0.10928
0.10421
0.105862
0.10688
0.108363
0.109956
0.108017
0.108773
0.107738
0.109976
0.108125
0.114081
0.111494
0.119124
0.113457
0.119756
0.111805
0.120581
0.117234
0.120022
0.119724
0.118408
0.120228
0.120704
0.121803
0.126001
0.123319
0.121601
0.127699
0.1224
0.12524
0.122506
0.127489
0.123656
0.125674
0.126722
0.129705
0.12771
0.1272
0.128401
0.133835
0.128134
0.131095
0.129932
0.131881
0.132823
0.135145
0.133112
0.135161
0.137162
0.134642
0.136837
0.134165
0.139055
0.134497
0.137714
0.139465
0.136083
0.138324
0.136845
0.135573
0.140671
0.140891
0.142198
0.147495
0.145385
0.146273
0.14776
0.146169
0.147369
0.14388
0.146441
0.149861
0.149546
0.149043
0.150555
0.149578
0.149014
0.151002
0.151249
0.150841
0.152798
0.15678
0.15241
0.154912
0.157805
0.157278
0.157348
0.158101
0.159802
0.15974
0.159466
0.15931
0.161125
0.162914
0.160989
0.161526
0.162703
0.161097
0.16453
0.161103
0.164019
0.160797
0.160183
0.160732
0.15968
0.164868
0.164025
0.16395
0.166872
0.16306
0.168106
0.163312
0.166347
0.165171
0.163951
0.165732
0.17093
0.164333
0.167901
0.166065
0.168376
0.168073
0.164732
0.166683
0.167965
0.170709
0.168946
0.168025
0.169521
0.171222
0.172793
0.168351
0.169233
0.170981
0.171469
0.173004
0.173479
0.170941
0.173307
0.172642
0.171907
0.169294
0.170097
0.172542
0.1743
0.173591
0.174081
0.174168
0.174368
0.174903
0.173688
0.176269
0.175127
0.17734
0.176673
0.177711
0.175726
0.180406
0.176489
0.176763
0.1764
0.178789
0.180997
0.178098
0.177194
0.180474
0.181115
0.180605
0.186139
0.182434
0.183238
0.181876
0.184578
0.183944
0.181097
0.185356
0.185481
0.182498
0.184652
0.182604
0.183097
0.181909
0.181367
0.178198
0.183077
0.17868
0.181494
0.183603
0.180199
0.180839
0.184549
0.181697
0.185477
0.182306
0.179459
0.17931
0.179191
0.182766
0.178832
0.182186
0.180009
0.179778
0.179332
0.181637
0.177286
0.179205
0.179408
0.180557
0.178323
0.178765
0.17617
0.183208
0.177684
0.176522
0.178894
0.181965
0.180197
0.177207
0.177489
0.180002
0.180266
0.179378
0.176841
0.181305
0.174803
0.178183
0.175118
0.171792
0.172626
0.179329
0.17367
0.176623
0.175663
0.18038
0.176108
0.173265
0.175235
0.171652
0.175406
0.175471
0.173075
0.17744
0.173579
0.177811
0.172414
0.175771
0.176768
0.170588
0.175467
0.169972
0.172603
0.171543
0.171688
0.170185
0.166905
0.170313
0.170079
0.16885
0.167544
0.170219
0.16771
0.170581
0.168102
0.166128
0.167242
0.162108
0.16259
0.167167
0.16249
0.165594
0.163733
0.167382
0.166126
0.159764
0.167544
0.165222
0.163887
0.163711
0.160124
0.162566
0.159276
0.160318
0.164392
0.165273
0.163806
0.16299
0.161512
0.161337
0.165011
0.162794
0.162789
0.160426
0.157456
0.156951
0.160486
0.160237
0.15618
0.161585
0.158654
0.158877
0.161063
0.156405
0.157878
0.161031
0.15906
0.157364
0.155262
0.157634
0.157308
0.157054
0.155806
0.160267
0.157446
0.157636
0.152884
0.154269
0.154512
0.154239
0.153292
0.157286
0.151619
0.153437
0.152671
0.152306
0.151109
0.157241
0.149692
0.151278
0.149222
0.151514
0.153416
0.147037
0.149934
0.150133
0.150841
0.147977
0.152903
0.147456
0.152761
0.150052
0.15197
0.149733
0.148128
0.147017
0.145595
0.147338
0.145319
0.14548
0.149212
0.146213
0.148842
0.147806
0.142286
0.143569
0.146045
0.140708
0.143287
0.145849
0.145749
0.145461
0.142453
0.147432
0.143678
0.142261
0.143309
0.146272
0.14529
0.142649
0.144596
0.143102
0.143025
0.146571
0.139908
0.140949
0.14175
0.138476
0.138314
0.147033
0.141457
0.141201
0.138192
0.140693
0.14037
0.139279
0.14236
0.137308
0.138593
0.133688
0.136285
0.136376
0.13675
0.140137
0.136054
0.134765
0.136463
0.134027
0.135483
0.137904
0.136361
0.136288
0.134879
0.132659
0.134276
0.134252
0.133818
0.136785
0.137044
0.132495
0.134101
0.131905
0.133194
0.13443
0.134835
0.13103
0.131235
0.133717
0.128156
0.128135
0.130135
0.130763
0.131236
0.128348
0.128622
0.133255
0.129674
0.129645
0.127724
0.126738
0.13259
0.128665
0.128378
0.127483
0.130385
0.129822
0.131896
0.126793
0.127154
0.127232
0.127333
0.126289
0.124532
0.127457
0.1228
0.128102
0.127155
0.126835
0.123392
0.131327
0.124222
0.121309
0.125179
0.125975
0.123721
0.123573
0.125363
0.124935
0.12692
0.122774
0.124011
0.118885
0.123448
0.122351
0.120737
0.121573
0.12555
0.11902
0.124651
0.121009
0.121362
0.116661
0.122246
0.119137
0.121366
0.115444
0.119736
0.118809
0.118569
0.12016
0.12106
0.118699
0.11699
0.115206
0.112484
0.120503
0.114016
0.11652
0.116091
0.116105
0.117696
0.112285
0.113513
0.112488
0.112683
0.112206
0.115549
0.111757
0.1149
0.110652
0.113014
0.113266
0.110641
0.1098
0.110605
0.111959
0.111978
0.108725
0.109477
0.111219
0.108177
0.106417
0.108352
0.112302
0.106126
0.105635
0.107651
0.105912
0.104656
0.107261
0.103432
0.10305
0.10595
0.104875
0.105979
0.103921
0.103962
0.104913
0.103484
0.105688
0.105795
0.105037
0.103557
0.103058
0.100887
0.102179
0.107657
0.100424
0.10262
0.0984558
0.0973619
0.103461
0.0997802
0.0995488
0.103617
0.0979212
0.0980978
0.101723
0.0979664
0.100563
0.095405
0.0998069
0.0994159
0.100594
0.0964004
0.0976623
0.0980188
0.0957398
0.098971
0.0962859
0.0961187
0.100858
0.094184
0.0938844
0.0931134
0.0977654
0.0914229
0.094067
0.0964381
0.0933119
0.092073
0.0922867
0.09215
0.0964424
0.0898865
0.0874273
0.0923896
0.0888838
0.0929348
0.0885127
0.0960688
0.0857073
0.0941347
0.0881061
0.0887192
0.0903991
0.0871111
0.0873015
0.0859916
0.0842174
0.0880999
0.086877
0.0840512
0.0900859
0.0859999
0.0837604
0.0851336
0.0892878
0.0845054
0.0880987
0.0833446
0.0832957
0.0847405
0.0826331
0.0837658
0.0832593
0.0830433
0.0836333
0.0838595
0.0867531
0.0830853
0.0825443
0.0813961
0.0802358
0.0861256
0.0838973
0.081305
0.0841714
0.0766017
0.0844326
0.0790073
0.0851027
0.0772165
0.0821435
0.0812056
0.0819713
0.0809163
0.0771784
0.0777934
0.0774251
0.080265
0.0781527
0.0817405
0.0768565
0.0770899
0.078185
0.0780163
0.0789149
0.0738036
0.0790497
0.0775309
0.0745922
0.0761394
0.0724657
0.0780741
0.0734656
0.0761629
0.0764978
0.0753465
0.0695866
0.0746444
0.0738952
0.0811337
0.0715141
0.0768613
0.0719543
0.0728729
0.070992
0.0736993
0.0726381
0.0724785
0.0691397
0.0760242
0.0685773
0.0761742
0.0731839
0.0776008
0.0679581
0.0734979
0.0670457
0.0680149
0.0721126
0.0673773
0.0680838
0.0647823
0.0685181
0.0631519
0.0719827
0.063987
0.0663546
0.0652566
0.0653305
0.0617207
0.0651937
0.0586217
0.0643366
0.0662026
0.0625126
0.061435
0.0595617
0.0615571
0.0588579
0.0570667
0.0629922
0.0656201
0.0580772
0.0624839
0.060386
0.0578925
0.0670722
0.0588992
0.0571902
0.0640718
0.0579747
0.0650091
0.0572227
0.0637279
0.0581372
0.0611005
0.0592668
0.0601672
0.0599674
0.0564009
0.0625984
0.0571368
0.0653135
0.0581568
0.0613712
0.0568854
0.0556988
0.0569185
0.0597323
0.0582864
0.0607252
0.0583869
0.0564084
0.0586535
0.0562026
0.0598568
0.0576341
0.0592833
0.0562967
0.0563897
0.0514086
0.0572405
0.0544918
0.0558784
0.0572514
0.0575368
0.0509474
0.0511747
0.0512871
0.0535779
0.0542805
0.0508415
0.0527631
0.0549904
0.0555055
0.0549311
0.05067
0.0529666
0.0532228
0.052066
0.0470375
0.0500826
0.048873
0.0482687
0.0500601
0.0499549
0.0469411
0.0451917
0.0462187
0.0557112
0.0516076
0.0503074
0.0460159
0.0532073
0.0489627
0.0458638
0.0420136
0.0473659
0.0416037
0.0464047
0.040078
0.0408587
0.0473057
0.0421458
0.0465453
0.0443121
0.0432974
0.0395144
0.0438842
0.0430622
0.0431482
0.0414736
0.0444674
0.0415185
0.0482703
0.0371569
0.0444279
0.0392155
0.0427557
0.0365156
0.0437767
0.0393043
0.0384553
0.0408148
0.0389771
0.0365671
0.0399125
0.0376088
0.0361598
0.0398133
0.0397156
0.0351806
0.0349554
0.0395655
0.0344237
0.0341598
0.0356566
0.0349128
0.0324364
0.0377373
0.0354621
0.0364885
0.0352129
0.0373825
0.0301282
0.0336018
0.0349542
0.0405569
0.0349929
0.0387762
0.0369338
0.033198
0.0311989
0.0312849
0.031653
0.0310243
0.0354914
0.0317986
0.0346303
0.0328071
0.0320595
0.0347221
0.0310037
0.0323921
0.0369484
0.0283243
0.0363272
0.0294919
0.036046
0.0295861
0.0309276
0.0326486
0.0290506
0.0296425
0.0279014
0.0314196
0.0249642
0.0296316
0.031184
0.0270163
0.0299329
0.0306704
0.0297908
0.0269854
0.0226135
0.0337298
0.0247207
0.0232678
0.0226194
0.0231213
0.0237673
0.0265199
0.0229521
0.0203394
0.022192
0.0164519
0.0229934
0.0195115
0.020396
0.0171889
0.019791
0.014712
0.0162526
0.0138634
0.0230602
0.0132958
0.0176801
0.0142438
0.0246718
0.0195262
0.0194398
0.0134771
0.0169901
0.0182482
0.00981018
0.0164813
0.0122802
0.0167848
0.0130161
0.0133242
0.0195375
0.0111309
0.0164982
0.0106911
0.0144187
0.0146757
0.0103755
0.0120201
0.0157279
0.0107996
0.00724576
0.00859076
0.0108711
0.00783857
0.00767044
0.00724817
0.00567569
0.012098
0.00926656
0.00870462
0.0074483
0.00430368
0.00492427
0.0118492
0.0114281
0.00469105
0.00744544
0.00917298
0.00407901
0.0062966
0.00271053
0.00688959
0.00430548
0.00564655
0.00201741
0.0111535
0.00341626
0.00103421
0.009905
0.00763171
0.00333096
0.00442905
0.00295569
0.00231454
0.00337936
0.00212109
0.000331184
-0.00164281
0.00229363
0.00556428
0.00166534
-0.000988578
0.0015699
-0.000626525
0.00400704
-0.00105194
0.00127771
7.96291e-05
0.0012972
0.000336974
-0.000860024
0.00271635
0.000599047
0.00115889
-0.00218293
-0.00218466
0.00260243
-0.00514854
0.00287577
-0.0018784
-0.0078002
0.00223774
-0.00258664
-0.00442845
-0.00603372
-0.00314413
-0.0031434
-0.00507465
-0.00262786
-0.00727465
-0.00409201
-0.00402931
-0.00444561
-0.0120225
-0.00555037
-0.00520047
-0.00752837
-0.00849774
-0.00866967
-0.00690799
-0.00888863
-0.0103921
-0.0062754
-0.00845154
-0.0105958
-0.00497419
-0.00638658
-0.00769097
-0.0120072
-0.0152704
-0.00899911
-0.0125061
-0.00943987
-0.00698855
-0.0140272
-0.0101993
-0.0133816
-0.0179511
-0.00917976
-0.0108475
-0.0157364
-0.0158984
-0.0103885
-0.0140189
-0.0118093
-0.0149544
-0.012231
-0.0115494
-0.0118329
-0.0195162
-0.0074299
-0.017601
-0.0147255
-0.0170428
-0.0140575
-0.0188897
-0.0194155
-0.0166931
-0.0161813
-0.0225289
-0.0124817
-0.0175498
-0.0240669
-0.0178352
-0.0198613
-0.0199777
-0.0187503
-0.0184236
-0.0193178
-0.0281434
-0.0171649
-0.0259864
-0.0195018
-0.0246464
-0.0289686
-0.0283785
-0.0210665
-0.0316451
-0.0250952
-0.0314258
-0.0273111
-0.0311198
-0.0277437
-0.0296813
-0.0297628
-0.0288683
-0.0273854
-0.0310447
-0.0256891
-0.0355224
-0.025167
-0.031433
-0.0283937
-0.0279811
-0.0333075
-0.0265785
-0.0322484
-0.0236115
-0.0316879
-0.0315461
-0.0271011
-0.0347227
-0.0247952
-0.0350035
-0.0243527
-0.0319108
-0.0304371
-0.0326618
-0.0373673
-0.0323558
-0.033547
-0.0284567
-0.0345878
-0.0339301
-0.0320273
-0.0375237
-0.0345693
-0.030292
-0.0351065
-0.0354826
-0.031401
-0.034817
-0.0331067
-0.0369494
-0.0348895
-0.0333557
-0.0399516
-0.0351055
-0.0363022
-0.0339655
-0.0341675
-0.0316169
-0.0362459
-0.0319865
-0.0335902
-0.0349378
-0.0379011
-0.0318643
-0.0323827
-0.0357842
-0.0372202
-0.0393769
-0.0373791
-0.0380647
-0.0425412
-0.0312011
-0.0390855
-0.0369883
-0.0415273
-0.0377605
-0.0420653
-0.0420506
-0.0411121
-0.0399565
-0.0408155
-0.0400331
-0.0384018
-0.0446864
-0.0477013
-0.0427625
-0.0446501
-0.0485006
-0.0435267
-0.0439838
-0.0472146
-0.0442293
-0.0462677
-0.0455915
-0.0478598
-0.0492338
-0.0454686
-0.0493438
-0.0507245
-0.0440857
-0.0583809
-0.0520461
-0.0524121
-0.0512887
-0.0502621
-0.0516425
-0.0545267
-0.0532088
-0.0516628
-0.0477206
-0.0519876
-0.0460078
-0.0553928
-0.0544065
-0.0552138
-0.057898
-0.0512569
-0.0554109
-0.0568758
-0.0523159
-0.0567518
-0.0533423
-0.0534144
-0.0564119
-0.0577229
-0.0473186
-0.0568106
-0.0567285
-0.0564976
-0.0549669
-0.0616069
-0.054143
-0.0555365
-0.0604284
-0.0578968
-0.061624
-0.0589267
-0.0599765
-0.0572788
-0.0575215
-0.060464
-0.0650654
-0.0551179
-0.063029
-0.0607439
-0.0544247
-0.0594017
-0.0639776
-0.0596312
-0.060994
-0.063723
-0.0614057
-0.0584877
-0.0635575
-0.0585858
-0.0608218
-0.0600371
-0.0680793
-0.0654582
-0.0587585
-0.0641696
-0.0619571
-0.0628522
-0.067388
-0.0628118
-0.0682785
-0.0593789
-0.0664812
-0.0662197
-0.0716733
-0.0662224
-0.0668259
-0.0646839
-0.0676497
-0.0658814
-0.0725247
-0.0709639
-0.067537
-0.075794
-0.0690563
-0.0701876
-0.0735644
-0.0771724
-0.0702498
-0.0748678
-0.0737048
-0.0777674
-0.0737969
-0.0779003
-0.0789442
-0.0729119
-0.07468
-0.076155
-0.0711641
-0.0806251
-0.073824
-0.0778791
-0.0753841
-0.0786028
-0.0774279
-0.0714995
-0.0776248
-0.0748542
-0.0753777
-0.0759045
-0.0797364
-0.0817758
-0.0772678
-0.0783882
-0.0801698
-0.0809716
-0.081159
-0.0810802
-0.0808274
-0.0764745
-0.0770802
-0.0774881
-0.0725888
-0.0744785
-0.0739411
-0.0740579
-0.0738612
-0.0729014
-0.0700245
-0.068894
-0.06788
-0.0683846
-0.06856
-0.066113
-0.0651156
-0.0654756
-0.061858
-0.0665929
-0.0614112
-0.0564889
-0.0560802
-0.0601633
-0.0589256
-0.0586018
-0.0626018
-0.0584234
-0.0571236
-0.0495065
-0.0532666
-0.0448619
-0.0469359
-0.0504939
-0.0530635
-0.053803
-0.0484195
-0.0505048
-0.050515
-0.0486136
-0.0537765
-0.0460818
-0.0516122
-0.0439141
-0.0446456
-0.0453269
-0.0422808
-0.0412201
-0.0452606
-0.0392292
-0.0431937
-0.0363302
-0.0423277
-0.0420107
-0.0404524
-0.0360116
-0.0412676
-0.0302441
-0.0341428
-0.0340612
-0.034676
-0.0353035
-0.0312657
-0.0371522
-0.0314344
-0.0311111
-0.0302718
-0.0242952
-0.0326727
-0.0287129
-0.0326072
-0.0295697
-0.0251495
-0.0299626
-0.0235028
-0.0268305
-0.0228116
-0.0205076
-0.0215953
-0.0157126
-0.0119413
-0.0238274
-0.0156371
-0.0130712
-0.0213939
-0.0139669
-0.0162207
-0.0184049
-0.0143664
-0.0138583
-0.00880103
-0.00900007
-0.0134225
-0.0103432
-0.0114809
-0.0123435
-0.00879629
-0.0107567
-0.0109368
-0.00569147
-0.00762786
-0.00542177
-0.00336742
-0.00695454
-0.00293557
-0.00661988
0.00109456
-0.00577301
-0.00134548
-0.00192656
0.00260254
0.0013046
0.00458902
0.00124085
0.00844601
0.00478456
0.00932805
0.00525327
0.00971494
0.00882095
0.00842853
0.00787052
0.00814065
0.00862653
0.0129767
0.010116
0.0112778
0.0134306
0.0131986
0.0140126
0.0152718
0.0122381
0.0152735
0.0210835
0.0134477
0.0168397
0.0145818
0.0169103
0.0216686
0.0185837
0.0206786
0.0192142
0.0223953
0.0214386
0.0268763
0.0294477
0.0217064
0.0301154
0.0225417
0.0325264
0.0283798
0.0319321
0.0343583
0.0327698
0.0338038
0.0415989
0.0353334
0.0356943
0.0425236
0.0421001
0.0384384
0.0422055
0.0442083
0.0421631
0.0428827
0.0420481
0.0420702
0.043855
0.0476965
0.0436967
0.0451316
0.0542397
0.0495437
0.0514281
0.0501864
0.0553416
0.0513229
0.056498
0.0529825
0.0590916
0.0543994
0.0551156
0.0595459
0.0575204
0.0574253
0.0625492
0.0626147
0.0581726
0.0666983
0.0599622
0.0590835
0.0582448
0.0678855
0.0646474
0.0672215
0.0681779
0.0647839
0.0643856
0.0626418
0.0665377
0.0655997
0.0706875
0.0694136
0.0726868
0.0726177
0.0702075
0.0732361
0.0753156
0.0756621
0.0770629
0.0820914
0.0782312
0.0832439
0.0805813
0.0798637
0.0828323
0.0837141
0.0827051
0.0832295
0.084286
0.081826
0.0878778
0.0861016
0.0878279
0.0855275
0.089427
0.0897093
0.0902157
0.0921112
0.0871081
0.0937444
0.0927193
0.0977109
0.0946838
0.0936136
0.100463
0.10064
0.10109
0.100623
0.101935
0.100839
0.109425
0.100675
0.10868
0.101332
0.101656
0.105663
0.10817
0.106822
0.108674
0.10816
0.108338
0.11177
0.108507
0.112631
0.110134
0.111512
0.111717
0.115756
0.115639
0.121161
0.117701
0.115589
0.122161
0.119714
0.122934
0.125015
0.125693
0.126642
0.129954
0.125999
0.131559
0.129297
0.128529
0.133133
0.132595
0.135679
0.134959
0.137098
0.135909
0.136223
0.137769
0.136986
0.135154
0.138974
0.141037
0.137686
0.143488
0.13984
0.142217
0.145586
0.146219
0.146158
0.143728
0.144473
0.147843
0.143363
0.141058
0.14607
0.144532
0.147145
0.142541
0.142558
0.145373
0.138172
0.145108
0.138144
0.138066
0.143534
0.141947
0.142335
0.139382
0.137954
0.138835
0.139206
0.134593
0.132854
0.138229
0.136624
0.136818
0.138255
0.136615
0.135999
0.139517
0.135043
0.136693
0.139744
0.132967
0.135455
0.139547
0.131953
0.137932
0.135837
0.134779
0.132923
0.129536
0.132122
0.130086
0.13179
0.134282
0.132847
0.13303
0.131419
0.131753
0.128543
0.129849
0.129288
0.126312
0.132657
0.12506
0.125973
0.128176
0.128866
0.130967
0.128715
0.128459
0.128845
0.126327
0.126201
0.123086
0.12205
0.125152
0.119889
0.1242
0.125924
0.120513
0.124826
0.121713
0.122771
0.121343
0.124214
0.121741
0.121805
0.118593
0.119996
0.118087
0.12002
0.119333
0.119883
0.119376
0.119282
0.121657
0.121268
0.118371
0.118727
0.115476
0.116577
0.11771
0.116012
0.114861
0.11385
0.117171
0.115413
0.117735
0.114
0.115678
0.112291
0.111311
0.113251
0.114118
0.115596
0.114945
0.113525
0.11381
0.110425
0.110637
0.113356
0.111677
0.110159
0.111826
0.105086
0.107745
0.107449
0.103554
0.110797
0.111658
0.109187
0.108064
0.103085
0.101752
0.106692
0.104795
0.110286
0.105263
0.100409
0.101095
0.100523
0.098134
0.101129
0.102076
0.102819
0.100823
0.101837
0.10332
0.0969578
0.10245
0.100539
0.101213
0.0988574
0.10134
0.0998748
0.0997066
0.0980425
0.100261
0.101522
0.0995496
0.0998533
0.0977884
0.0957728
0.0989068
0.0970082
0.0963818
0.09763
0.0950347
0.0969372
0.0913968
0.0960752
0.0914881
0.0947779
0.093701
0.0932537
0.0941106
0.0952321
0.0923624
0.0947756
0.0926273
0.0941402
0.093484
0.0921936
0.0930865
0.0900804
0.0901263
0.0929114
0.0959142
0.0929253
0.0939777
0.096291
0.0911254
0.0937098
0.0931547
0.0913181
0.0914488
0.094712
0.093332
0.0909174
0.0924432
0.0925505
0.0904784
0.0868477
0.0931245
0.090569
0.0879344
0.0952131
0.0878174
0.0887954
0.0876394
0.0841007
0.0860642
0.0818325
0.0861575
0.0866472
0.0840296
0.0916989
0.0829064
0.0848448
0.0894413
0.0879989
0.085007
0.0852434
0.083623
0.0862431
0.0847083
0.0835968
0.0848904
0.084852
0.0834456
0.0829375
0.0833852
0.0851198
0.0829447
0.0830791
0.0827629
0.0824101
0.0859092
0.0794847
0.080116
0.0864238
0.0791669
0.0756645
0.0830142
0.07881
0.0787378
0.0794685
0.0821827
0.0792905
0.0796348
0.0762368
0.0785246
0.0747578
0.0754865
0.0779738
0.0762038
0.0796654
0.0802164
0.0780885
0.0769436
0.0759159
0.0771668
0.0766164
0.076878
0.078272
0.0801213
0.0790259
0.0744049
0.0765845
0.0734356
0.0763167
0.0764097
0.0778379
0.0726645
0.0740113
0.0741589
0.0753944
0.0768734
0.069738
0.0721175
0.0772108
0.0738571
0.0768677
0.073585
0.0757258
0.070132
0.0702144
0.0694036
0.0758866
0.0713201
0.0696777
0.0703094
0.0699596
0.072376
0.0703236
0.069896
0.070715
0.0662241
0.0707148
0.0649108
0.0714449
0.0669943
0.066436
0.0700508
0.065184
0.0695973
0.0646318
0.0658823
0.0674744
0.063185
0.063457
0.0647298
0.057962
0.0624306
0.0619254
0.0658961
0.0582307
0.0641514
0.0566919
0.0606501
0.0620539
0.056795
0.0606026
0.0569173
0.0579998
0.0597263
0.0560732
0.0561128
0.0587423
0.0601968
0.0563518
0.0560617
0.0609399
0.0575792
0.0560811
0.0512063
0.0604959
0.0560453
0.0562009
0.0573515
0.0614369
0.0566834
0.0516355
0.0518419
0.0573186
0.0564036
0.0583699
0.0542427
0.0541996
0.0556042
0.0588659
0.0532914
0.0518691
0.0541378
0.0550081
0.0523264
0.0544317
0.0540498
0.0575007
0.0566828
0.051541
0.0594347
0.0562435
0.0560996
0.0548269
0.0535917
0.0510757
0.055065
0.0517258
0.050074
0.051327
0.0538495
0.050008
0.0516284
0.0517284
0.0554598
0.0524625
0.0550069
0.0511633
0.0513911
0.0495209
0.0536033
0.0497212
0.0500615
0.0523481
0.0460834
0.0516391
0.0522214
0.049075
0.0496705
0.0503456
0.0477591
0.0478581
0.0502517
0.0459623
0.047549
0.0502008
0.0461908
0.0456442
0.0446766
0.0487331
0.041639
0.0516467
0.0477119
0.0443489
0.0459906
0.0460031
0.0405642
0.04231
0.0459192
0.0448732
0.0447705
0.041722
0.041603
0.0418548
0.0392404
0.0442944
0.040124
0.0389761
0.0371667
0.0414589
0.0370115
0.0420366
0.0399428
0.0364061
0.0397436
0.0374884
0.0351037
0.0387015
0.0355364
0.0377095
0.0358026
0.0364196
0.0393764
0.035583
0.0319743
0.0310381
0.0331492
0.0346577
0.0356651
0.0312528
0.0327936
0.0307235
0.032747
0.0339591
0.0339575
0.031717
0.0282678
0.0290677
0.0324086
0.0357866
0.0321785
0.0310975
0.0359021
0.0276821
0.0344994
0.0314928
0.0316093
0.0327339
0.0317137
0.0274429
0.0313655
0.0335997
0.032173
0.0309494
0.0304523
0.0251885
0.030939
0.0318792
0.0237478
0.0303519
0.0280406
0.0307258
0.0283723
0.0260498
0.0277848
0.0273925
0.0234948
0.0263794
0.0241204
0.0262342
0.0257162
0.0286478
0.023048
0.0351464
0.0219208
0.0210883
0.0212389
0.0253909
0.0219061
0.0242692
0.0258471
0.0219461
0.0205129
0.0204444
0.0221154
0.0167178
0.020511
0.0175905
0.0183116
0.021124
0.018559
0.0182365
0.0204751
0.0236742
0.0179014
0.0187284
0.0146139
0.0166934
0.0175326
0.0159624
0.0181507
0.015198
0.023136
0.014274
0.016029
0.0154352
0.0172007
0.0160121
0.0162759
0.0171598
0.0150656
0.0158682
0.0152544
0.0166914
0.0182985
0.0146564
0.0157321
0.0115833
0.0164786
0.0157025
0.00957818
0.0170851
0.0141264
0.0132792
0.0136056
0.0148579
0.0155509
0.0124536
0.0137978
0.0104115
0.0109786
0.00892931
0.0107741
0.0103055
0.0109708
0.0105519
0.0142989
0.0125201
0.0112213
0.0112055
0.00375938
0.00972887
0.00832404
0.00703859
0.00939039
0.00454662
-5.82196e-05
0.00745714
0.00668171
0.00440932
0.00371621
0.010956
0.00429426
0.00761653
0.00767754
0.00784497
0.0103834
0.00493035
0.00894906
0.00752819
0.00188751
0.00779006
0.00874289
0.00858397
-0.000683784
0.00394913
0.00279378
0.00158001
0.00427792
0.00500341
0.00562523
0.00374106
0.00376204
0.00083587
0.00390801
0.00453122
0.00839275
0.00129446
0.00307261
0.0029879
0.000876471
0.00416908
0.00534613
-0.00281396
0.000249494
0.00524944
0.00309102
0.000840841
0.0039414
0.00187118
0.000355611
-0.000171453
0.00257206
0.00170444
0.00361159
0.00160359
0.00242293
0.00396732
0.0029362
0.00595179
0.00496204
-0.000230924
0.00510788
0.00316961
0.000555627
0.0034485
0.00180524
0.00124346
0.00608693
0.00223894
0.00315354
0.00123944
0.00537765
0.00121032
0.000282844
0.00137886
0.000661651
0.00159084
0.00282853
0.00318479
0.00653658
-0.00104562
0.00445987
0.00396484
0.00174173
0.003723
-0.00142922
-0.00157454
0.00495666
0.00231947
0.00246313
