-2.05833e-05
-0.000203999
0.00073703
2.82825e-05
6.44294e-05
0.000812246
0.000122335
0.000595976
-0.000976419
-8.07363e-05
-6.24388e-05
0.00030581
-0.000322838
0.000123376
0.000948584
0.0005976
-0.000592092
0.000488282
7.06535e-05
-0.000130797
-8.98064e-05
0.000285832
0.000299119
-0.000687644
-0.000664685
-0.000895114
-0.000314222
0.000422454
-0.000692069
6.53084e-05
0.000591264
0.000148674
-0.000852176
-0.00038664
0.000354162
-0.000689947
-0.000383672
-6.73016e-05
-0.000417866
-0.000369446
0.000972478
-0.000671089
-0.000770065
-0.00101762
7.66847e-05
0.000126899
0.000260787
-0.00050756
-0.000766603
-0.000479649
0.00039672
-0.0012856
-0.000512785
-0.000452024
-7.22958e-05
0.000575093
0.000840757
0.000461416
-0.000161413
-0.000818775
-0.000526973
-0.000146945
0.000375389
-0.000406138
0.000200713
0.000168637
0.000425872
-0.000646414
-0.000199321
0.00062627
9.71508e-05
3.26326e-05
-0.000231191
0.000399168
0.000153079
-0.00105933
0.000429985
-0.000485746
-0.000597935
-0.0010164
-0.000199161
-0.000749183
0.00017495
-0.000827117
-0.00102411
-0.00127168
0.000554121
-0.000328733
-0.00108689
0.000360481
-0.000103717
-9.61315e-05
-0.000387052
4.87148e-06
-0.00110734
-0.00033073
0.000224873
0.000223033
-0.000123265
0.000200143
-0.00072318
-0.000754041
0.000715329
-3.25318e-05
-0.000426337
-0.000513172
5.99786e-05
0.000251722
0.000512343
0.000631595
-0.000116658
0.00057439
-0.000171681
5.62247e-05
0.00033405
-2.74046e-05
-0.00117427
-2.24755e-06
-6.78423e-05
-0.000397511
-0.00091437
-0.00128939
-0.00045985
-0.000604415
-0.00024425
-0.000907516
0.000280363
5.93302e-05
0.000453964
-0.00037756
7.00687e-05
-0.000615945
-0.000430802
0.00072574
-0.00141657
5.88648e-05
-0.000381655
0.000291046
0.00020297
0.000217783
0.00134749
0.000657004
-0.000394957
-0.000232978
-0.00119899
0.000140964
0.000586312
-6.70424e-05
0.000546498
-0.000199912
-0.000201598
0.000239544
0.000484596
-0.000450501
0.000501184
-0.000257366
0.000487966
0.000263886
-0.000738274
9.34998e-05
0.00091667
0.00177778
0.00130866
0.00124944
0.00237519
0.00156337
0.00246134
0.00247027
0.00235867
0.00300066
0.00449312
0.00349112
0.00424539
0.00293308
0.00532005
0.00498363
0.0049171
0.00567128
0.00526465
0.00534161
0.00638907
0.00669073
0.00670514
0.00713061
0.00672058
0.00730452
0.00664971
0.00788407
0.00732037
0.00779196
0.00850226
0.00859949
0.00789138
0.00813862
0.00870464
0.0106434
0.00916993
0.00945805
0.010935
0.01074
0.0115221
0.0114922
0.0117236
0.0117315
0.0125589
0.0126865
0.0120488
0.0123288
0.0136225
0.0124324
0.0136396
0.012638
0.013863
0.0136649
0.0136129
0.0141004
0.0163768
0.0150293
0.0152411
0.0152417
0.0158629
0.0166775
0.0164335
0.0177496
0.0178364
0.0171934
0.0169363
0.016998
0.0171396
0.0179075
0.0182023
0.0181908
0.0178217
0.0182867
0.0187603
0.0186166
0.0193336
0.0195784
0.0208497
0.0196431
0.0215086
0.0213204
0.021025
0.0215522
0.0220421
0.0219532
0.0216069
0.0224524
0.0221732
0.0216968
0.0221466
0.0224522
0.0230273
0.0226309
0.0235411
0.0236992
0.0233643
0.024249
0.0245601
0.0249467
0.024391
0.0257078
0.0255212
0.0242282
0.0249202
0.0256384
0.025143
0.0254763
0.0269174
0.026726
0.0267208
0.0272427
0.0274741
0.0282632
0.0286568
0.0288639
0.028567
0.0284554
0.0291163
0.029347
0.0295145
0.0296488
0.0305816
0.0297597
0.0308795
0.0311074
0.0307205
0.0305015
0.032813
0.0314511
0.0320272
0.0328114
0.0323799
0.0326629
0.0330959
0.0331003
0.0335136
0.032923
0.0338903
0.0335097
0.0348008
0.033756
0.0348744
0.0354419
0.0342685
0.0350801
0.0364463
0.0365851
0.0369728
0.0366129
0.0360898
0.0371135
0.0367152
0.03806
0.0369646
0.03779
0.0389544
0.0387811
0.0386034
0.0388409
0.040821
0.0387933
0.0389251
0.0404732
0.0413958
0.0400598
0.0414345
0.041621
0.0420087
0.0424132
0.0422457
0.0422405
0.0435394
0.0417492
0.0436516
0.0425845
0.0428072
0.0446799
0.0444277
0.0442128
0.0432059
0.0438961
0.0449114
0.0449257
0.0453791
0.0448833
0.0455732
0.0457839
0.0459333
0.0463088
0.0459339
0.0464301
0.0462235
0.0465324
0.0463797
0.0469667
0.0475834
0.0476227
0.0483375
0.0486079
0.049222
0.0484444
0.0490727
0.0475892
0.0494434
0.0486505
0.0498199
0.0506953
0.0499715
0.0509197
0.050865
0.0512738
0.0507312
0.0513722
0.0511827
0.0520545
0.0518553
0.0521318
0.0523029
0.0534125
0.0522646
0.0527184
0.0527715
0.0552947
0.0539456
0.055302
0.0556172
0.0552905
0.0550851
0.0560317
0.0543437
0.0556896
0.0567596
0.0559925
0.0558538
0.0553282
0.0568973
0.0558848
0.0559286
0.0565883
0.0579027
0.0563329
0.0568251
0.0578991
0.058178
0.059184
0.0599014
0.0595679
0.0592398
0.0599088
0.0592416
0.0599635
0.059973
0.060596
0.0605034
0.0602986
0.0617012
0.0621591
0.0617257
0.0611044
0.0615141
0.0625195
0.0629406
0.0634622
0.0635844
0.0646639
0.0635974
0.0650839
0.0644175
0.0641659
0.0656004
0.0649845
0.0653163
0.0661531
0.0650751
0.0662491
0.064433
0.0668907
0.0670941
0.0655209
0.0656372
0.0668206
0.0672651
0.0664022
0.067601
0.0680834
0.0677261
0.067734
0.0684096
0.0685944
0.06894
0.0703389
0.0686669
0.0683352
0.0701394
0.0704825
0.0694614
0.0697101
0.0700107
0.0698462
0.0711049
0.0705352
0.0715454
0.0722549
0.0712715
0.0725485
0.0729638
0.0721615
0.0734663
0.0733763
0.0738877
0.0732332
0.0740047
0.0747404
0.0741177
0.0741076
0.073747
0.0736845
0.0751695
0.0758516
0.0752521
0.0770532
0.0755129
0.0766816
0.0757727
0.0761756
0.0773996
0.0776783
0.0770032
0.0776866
0.0770111
0.0778694
0.0770589
0.078061
0.0776825
0.0786853
0.0785957
0.0788993
0.078973
0.0797685
0.0797137
0.0790247
0.0800728
0.0800614
0.0802755
0.0802024
0.0795892
0.0801606
0.0810595
0.081596
0.081193
0.0809752
0.0814555
0.0810004
0.0807288
0.0819675
0.0820068
0.0819066
0.0828629
0.0837654
0.0821811
0.0835192
0.0826884
0.0837017
0.0841113
0.0839262
0.0845295
0.0842758
0.0857142
0.085351
0.0848302
0.0854483
0.0846634
0.0849398
0.0850835
0.084265
0.0854355
0.0841652
0.0847646
0.0850778
0.0830862
0.0826666
0.0849514
0.0833653
0.0833562
0.082499
0.082727
0.0826416
0.082721
0.0824549
0.0813753
0.0815826
0.0819384
0.0813789
0.080662
0.081691
0.0799287
0.0801295
0.0801583
0.0800419
0.0801228
0.0790088
0.0795263
0.0780846
0.0784744
0.0782395
0.0789432
0.0784032
0.0774586
0.0775899
0.0765721
0.0766593
0.0768337
0.0763387
0.0760511
0.076186
0.0755639
0.0752673
0.0739336
0.0750716
0.074105
0.0733424
0.0747954
0.0746994
0.0731287
0.072741
0.0728449
0.0726688
0.0717915
0.0713629
0.0717383
0.0726085
0.0714183
0.0706535
0.0709896
0.0709886
0.0710675
0.0698105
0.0699279
0.0694646
0.0704672
0.0690589
0.0688187
0.0694147
0.0688339
0.0690289
0.0681798
0.0681165
0.0685417
0.0676914
0.0673039
0.0670729
0.0664879
0.0666338
0.0663016
0.0649177
0.0661227
0.0664262
0.0654628
0.064551
0.0656728
0.0648785
0.0646423
0.0640317
0.0630029
0.0636526
0.0625135
0.0634927
0.0636322
0.0620548
0.0621646
0.0641024
0.0617447
0.0614875
0.0610159
0.0613367
0.0612601
0.0604517
0.0607175
0.0609045
0.0606201
0.0589646
0.0588258
0.0582505
0.0573983
0.0583544
0.0577693
0.0578566
0.0570486
0.0575766
0.056404
0.0565296
0.0566205
0.0561925
0.0565896
0.0558817
0.056357
0.0552065
0.0553256
0.0548871
0.0552341
0.0547271
0.0552101
0.0544394
0.0534904
0.0533457
0.0525381
0.0522388
0.0518272
0.0522452
0.0519257
0.0521278
0.0513299
0.0515051
0.0519209
0.0503832
0.0507974
0.0499991
0.0498595
0.050226
0.0495595
0.048883
0.048144
0.048665
0.0482572
0.0469081
0.0480876
0.0465806
0.0462954
0.0475061
0.0462592
0.0455307
0.0462367
0.0451771
0.0455931
0.0454414
0.0448905
0.0445326
0.0435464
0.0444234
0.0428524
0.0433778
0.0440701
0.0422958
0.0411592
0.0412033
0.0418699
0.0406202
0.041047
0.0410335
0.040382
0.0412629
0.039972
0.0393938
0.0393836
0.0385572
0.038981
0.0383826
0.0376266
0.0379344
0.0376981
0.0385404
0.0384283
0.0389024
0.0388728
0.0390796
0.0387914
0.0399192
0.0402535
0.0414525
0.0405525
0.0407673
0.041558
0.0424263
0.0436731
0.0432208
0.0436384
0.045146
0.0434349
0.0453814
0.044752
0.0453564
0.0466097
0.046245
0.0470569
0.0463783
0.0476935
0.0475359
0.0478395
0.0475639
0.0493001
0.0502398
0.0496651
0.0511242
0.0500788
0.0520768
0.0511635
0.0534462
0.0529705
0.0534182
0.0540021
0.0557653
0.0542137
0.054989
0.0551592
0.0554474
0.0562872
0.0558861
0.0563769
0.0573409
0.0573836
0.0571568
0.0580292
0.0579683
0.0579775
0.0594579
0.0584851
0.0597383
0.0613987
0.0621434
0.061842
0.0622064
0.0616875
0.0628924
0.0634348
0.0636773
0.0637299
0.0650155
0.0645248
0.0657292
0.0663074
0.066612
0.0663291
0.0676023
0.0669791
0.0674295
0.0676483
0.0695149
0.0691488
0.0705119
0.0697737
0.0708238
0.0711978
0.0715276
0.0708561
0.0721982
0.0718103
0.0713336
0.0707722
0.070826
0.0713074
0.0707583
0.0699868
0.0709458
0.0713067
0.0716363
0.0708547
0.071068
0.0697515
0.0705689
0.0704991
0.0701121
0.0707197
0.0701837
0.0708579
0.0693997
0.0708747
0.0700934
0.0694646
0.0689319
0.0704936
0.0687266
0.0694746
0.069875
0.0693414
0.0690422
0.0688542
0.0693549
0.0685219
0.0688015
0.0689081
0.0684556
0.0692707
0.0691759
0.0683536
0.070136
0.0703629
0.0704014
0.0702444
0.0698013
0.0700101
0.0698164
0.0690432
0.0686524
0.0687474
0.068669
0.0692497
0.0685084
0.0676992
0.0682459
0.068921
0.0678423
0.0680557
0.0673278
0.067421
0.0671445
0.0676959
0.0674341
0.0673126
0.0695898
0.0682743
0.0666967
0.0687439
0.0675398
0.0674797
0.0675551
0.0676704
0.0673051
0.0678611
0.0670634
0.0669724
0.0672755
0.0671601
0.0682839
0.0676706
0.0684832
0.0677251
0.0672206
0.0677719
0.0670133
0.0664695
0.0662481
0.0664444
0.0668494
0.0664189
0.0661296
0.066355
0.06681
0.0674369
0.0669914
0.0668712
0.0665685
0.0660118
0.0662789
0.0657168
0.0651373
0.0654047
0.0651977
0.0639422
0.0644617
0.0641445
0.0655562
0.0661542
0.0655058
0.0650146
0.0652626
0.0657864
0.0642575
0.064793
0.0650514
0.0648763
0.0660485
0.0649176
0.0649569
0.0648223
0.0649349
0.0654277
0.0639276
0.065053
0.064886
0.0645879
0.064099
0.0651783
0.063895
0.0650277
0.0642183
0.0641255
0.0638714
0.0639689
0.0638576
0.0646593
0.063563
0.0636462
0.0639034
0.0648773
0.0635557
0.0646468
0.0641444
0.0644859
0.0632581
0.0628356
0.0636941
0.0632342
0.0634248
0.0631127
0.0631965
0.0629573
0.0630963
0.0629905
0.0641555
0.063468
0.062908
0.0629098
0.0623869
0.0628802
0.0632375
0.0624256
0.0626793
0.062869
0.0625717
0.0620456
0.0616826
0.0628111
0.0619915
0.0611602
0.0622894
0.0625743
0.0617841
0.0613962
0.0614446
0.0615049
0.0620417
0.0615004
0.0619171
0.0611917
0.0608914
0.061614
0.0618384
0.0620992
0.0629334
0.061569
0.0606098
0.0619125
0.0614851
0.0620623
0.0621488
0.062032
0.0624107
0.0617478
0.0624682
0.0623862
0.0618679
0.0623852
0.0633228
0.062756
0.0620177
0.0634968
0.0627964
0.0627381
0.0623584
0.0620176
0.0617435
0.0632905
0.0628334
0.063003
0.0625349
0.0633415
0.06199
0.0631003
0.0615934
0.0631973
0.0637328
0.0630556
0.061716
0.0622306
0.0632116
0.0626798
0.0633411
0.0637601
0.0631705
0.0626915
0.0632825
0.0628918
0.0627162
0.0640143
0.0637883
0.0635072
0.0635258
0.0634366
0.0637093
0.0633992
0.0647355
0.0629729
0.0631975
0.063911
0.0636487
0.0636417
0.0637229
0.0641691
0.0634991
0.064257
0.0637134
0.064415
0.063511
0.062631
0.0642203
0.0631168
0.0634061
0.0634573
0.0641913
0.064481
0.0637536
0.0640702
0.0638482
0.0639334
0.0632374
0.0643326
0.0626323
0.0642349
0.0645428
0.0638868
0.0649314
0.0637717
0.0640375
0.064184
0.064495
0.0637281
0.0637919
0.0642461
0.0650578
0.0656532
0.0640223
0.0645615
0.0636953
0.0648132
0.06555
0.064932
0.0650119
0.0647516
0.0664685
0.0652294
0.0652395
0.0657525
0.0654941
0.06499
0.064544
0.0653025
0.065151
0.0658185
0.0654699
0.0653749
0.0650857
0.0658114
0.0649992
0.0660569
0.0648503
0.0657447
0.0659028
0.0652201
0.0659398
0.0666514
0.0660795
0.0662566
0.0661992
0.0649564
0.0665789
0.0659996
0.0653767
0.0664149
0.0653801
0.0662504
0.0662494
0.0657672
0.065119
0.0659362
0.0677209
0.0668404
0.066393
0.0660829
0.0665462
0.0662031
0.065728
0.0664254
0.0660609
0.066582
0.0663263
0.066867
0.0661975
0.0675347
0.0665641
0.0668042
0.0665328
0.0664723
0.0680704
0.0666504
0.066036
0.0668159
0.0667378
0.0664415
0.0663052
0.0660741
0.0667961
0.0671405
0.0673825
0.066325
0.0663548
0.0662673
0.0675737
0.0678001
0.0670439
0.0665963
0.0664296
0.0671341
0.067516
0.0672086
0.0676067
0.0670077
0.0681691
0.0681532
0.0674992
0.0669222
0.0668447
0.0681353
0.0682467
0.0681337
0.0679282
0.0679252
0.0672256
0.0680591
0.0678778
0.0681364
0.0687825
0.0687229
0.0676324
0.0673668
0.0687593
0.0686478
0.0688164
0.0681097
0.0679745
0.0679184
0.0669294
0.0684261
0.0689697
0.0689986
0.0687279
0.0688011
0.0687254
0.0684624
0.0694648
0.0688466
0.0685977
0.0680891
0.0686749
0.0687021
0.0703565
0.069109
0.0700774
0.0684021
0.0692157
0.0700023
0.0689688
0.0690081
0.0692636
0.0691734
0.067834
0.070102
0.0697631
0.0692994
0.0701021
0.0692328
0.0699216
0.0698539
0.0703245
0.0705712
0.0701023
0.0687664
0.0693737
0.0693594
0.0702971
0.0701231
0.0700412
0.0696158
0.0699375
0.0700144
0.0698654
0.0707461
0.0697028
0.0707022
0.0689959
0.070456
0.0706844
0.0701794
0.0704343
0.0708497
0.0702201
0.0712516
0.0706143
0.0706263
0.0703206
0.0701224
0.0707327
0.0709629
0.0714376
0.0708629
0.0708478
0.071207
0.0708003
0.0709528
0.0704722
0.0718378
0.0714101
0.0714836
0.0705577
0.0707215
0.070575
0.071158
0.0714524
0.0710088
0.0708554
0.0705045
0.0714697
0.070377
0.0703782
0.0711567
0.0715363
0.0709913
0.0718298
0.0725012
0.072026
0.0713789
0.0711167
0.0716122
0.0699647
0.071014
0.0714146
0.0707693
0.0708174
0.0715471
0.0721368
0.0718716
0.071324
0.0709886
0.0710214
0.072307
0.0710388
0.0719282
0.0711762
0.0723577
0.0720162
0.0716643
0.0716541
0.0725384
0.0709986
0.0719732
0.0726668
0.0726593
0.0709381
0.0718894
0.0718598
0.0723956
0.0722348
0.0712764
0.0725995
0.072481
0.0722047
0.0719883
0.0715558
0.0726046
0.0731683
0.0714413
0.0726717
0.0728288
0.0732239
0.0721613
0.0725649
0.0731989
0.0728287
0.0726868
0.0727212
0.0730087
0.0729298
0.0717256
0.0716283
0.0727682
0.0724868
0.0739418
0.0735667
0.0730524
0.0723156
0.0731649
0.0727842
0.0726564
0.0736216
0.0733341
0.0735564
0.0730222
0.0720272
0.0736408
0.0732265
0.0732683
0.0738864
0.073489
0.0730016
0.0729646
0.0728038
0.0733158
0.0742986
0.0742209
0.0737277
0.0739519
0.073365
0.0741022
0.073455
0.0737206
0.0732226
0.0737274
0.073721
0.0739597
0.074454
0.0741496
0.0736424
0.0737783
0.0748146
0.0742625
0.0742269
0.0746782
0.074425
0.0747851
0.0745456
0.0732749
0.0743828
0.0740339
0.0740261
0.0731455
0.0739538
0.0751858
0.0750232
0.075418
0.0748247
0.0737585
0.0746452
0.0759515
0.0751122
0.0753352
0.074767
0.0751514
0.0756029
0.0758955
0.0752765
0.0748225
0.0761625
0.0751243
0.0755469
0.0758408
0.075082
0.0754304
0.0747654
0.0744502
0.0748203
0.0757432
0.0752227
0.0754345
0.0759753
0.0754439
0.0757148
0.0762347
0.0752728
0.0755478
0.0758369
0.0753972
0.0754583
0.0769368
0.0756073
0.0754838
0.0765631
0.0761582
0.0768377
0.0758821
0.0773429
0.0770001
0.0761488
0.0760826
0.0765997
0.0758407
0.0766302
0.0771095
0.0767932
0.0757021
0.0760521
0.075857
0.0771315
0.0770828
0.0769505
0.0773627
0.0765705
0.0774936
0.0765956
0.0768375
0.075336
0.0776308
0.0770412
0.0774685
0.0771462
0.0780608
0.0767253
0.0777588
0.0765868
0.0777826
0.0766418
0.0777706
0.0770444
0.0768443
0.0768117
0.0781526
0.0774091
0.0777545
0.0776484
0.07742
0.0783293
0.0775298
0.0780329
0.0773471
0.0773133
0.0771241
0.0777369
0.0767508
0.0778563
0.0768743
0.0774453
0.0778857
0.0775906
0.0777608
0.0788427
0.0787493
0.0780189
0.0778915
0.0775422
0.077385
0.0783191
0.0785807
0.0777634
0.0783245
0.0785861
0.0790071
0.0779471
0.0791448
0.0788554
0.079201
0.077407
0.0784039
0.0790701
0.0786831
0.0783475
0.0790346
0.0800996
0.0803964
0.0804599
0.0791315
0.0794883
0.0790649
0.0789386
0.0788986
0.0796624
0.0804502
0.0800962
0.0795519
0.0795316
0.080911
0.0787179
0.07987
0.0801964
0.0799432
0.0800002
0.0803906
0.080742
0.0805558
0.0801365
0.0798337
0.0803258
0.079403
0.080905
0.0805172
0.080579
0.0799964
0.0797235
0.0818015
0.0801452
0.0799208
0.0803598
0.0798128
0.0807431
0.0802299
0.0806495
0.0815288
0.0802801
0.079991
0.0799726
0.0810344
0.0803811
0.0798813
0.0809592
0.081065
0.0818251
0.0806862
0.0819287
0.0802476
0.0808886
0.0813398
0.0804342
0.080164
0.0818836
0.0823554
0.0820807
0.0810405
0.0810146
0.0817177
0.0822096
0.0812898
0.0811087
0.0817764
0.0818995
0.081355
0.0814287
0.0820489
0.0822622
0.0826251
0.0818959
0.0823538
0.0813224
0.0819209
0.0827613
0.0811229
0.0824451
0.0827121
0.0826591
0.0836566
0.0821785
0.083292
0.0815829
0.0825628
0.08301
0.0817323
0.0817329
0.0837738
0.0823592
0.0832685
0.0826902
0.0834064
0.0824702
0.0827827
0.0828812
0.0843335
0.0825873
0.0821357
0.0829663
0.0824267
0.0827496
0.0824219
0.0838112
0.0827487
0.0825152
0.0832462
0.0835554
0.0823741
0.0832873
0.0817413
0.0829251
0.0831836
0.0829978
0.0822711
0.0833245
0.0831932
0.0824975
0.0832145
0.0832991
0.0832191
0.0839384
0.0830324
0.0829571
0.0839947
0.0821649
0.0835579
0.0836222
0.0834015
0.0836434
0.084187
0.0840534
0.0833116
0.0852624
0.0845758
0.0834367
0.0840067
0.0845589
0.0843947
0.0845606
0.0842002
0.0846302
0.0844058
0.0844988
0.0846898
0.0833472
0.0861298
0.0845707
0.0842819
0.0854154
0.0854408
0.0848223
0.0856455
0.0853289
0.0855409
0.0854719
0.085373
0.0846016
0.085835
0.0857252
0.0858379
0.0841389
0.0850497
0.085132
0.086981
0.0853305
0.0861053
0.0855501
0.0859314
0.0861953
0.0847278
0.0861623
0.0854786
0.0857537
0.0866615
0.0855169
0.0869275
0.0849031
0.0855785
0.0850625
0.0858879
0.0869828
0.085505
0.0872536
0.0858681
0.0861171
0.0853053
0.086213
0.0867048
0.0857125
0.0876333
0.0856636
0.0857977
0.0858886
0.0861079
0.0860506
0.0868853
0.086483
0.0871802
0.0867415
0.0866367
0.0878059
0.0867054
0.0864888
0.0875467
0.0856018
0.0875013
0.0870857
0.0870746
0.0850941
0.0868678
0.0871406
0.0865756
0.0876186
0.0870974
0.0874414
0.0881901
0.0873566
0.0864998
0.0883272
0.0857322
0.0864845
0.0872541
0.0871685
0.0873638
0.0883164
0.0880015
0.0875161
0.0873966
0.0877493
0.087634
0.0871348
0.0877527
0.0878021
0.0879301
0.0874571
0.0885055
0.0869008
0.0874915
0.0879881
0.088257
0.0881764
0.0877558
0.0882558
0.0881262
0.0878877
0.0891821
0.0889007
0.0881742
0.0901882
0.08894
0.0888705
0.0889411
0.0883404
0.0895709
0.0890007
0.0903617
0.089488
0.08962
0.0890517
0.0880217
0.0890902
0.0895674
0.0894684
0.0890249
0.0894161
0.0891592
0.0902361
0.0894334
0.0909253
0.0893981
0.0901162
0.0890444
0.0891386
0.08762
0.0892696
0.0884186
0.0891353
0.0893653
0.0900585
0.0885819
0.0890371
0.0904338
0.0899163
0.0901534
0.0894736
0.0911411
0.0894206
0.0894416
0.0898556
0.0912347
0.0887394
0.090492
0.0907791
0.0895097
0.0898031
0.0907507
0.0912371
0.0914344
0.0905753
0.090956
0.0902059
0.090084
0.0898564
0.0899619
0.0901156
0.0919592
0.0905086
0.0904149
0.0909326
0.0910569
0.0907654
0.0910334
0.0912879
0.0901949
0.0906187
0.0912414
0.0907833
0.092125
0.090884
0.0922307
0.091577
0.0914112
0.0911151
0.0917769
0.0915644
0.0913961
0.0924141
0.091487
0.0922598
0.092049
0.0931593
0.0917866
0.0922458
0.0913046
0.0923395
0.0920815
0.0930873
0.0938508
0.0916601
0.0928719
0.0935684
0.0930043
0.0940892
0.0928262
0.0937875
0.093299
0.0934112
0.0931153
0.091992
0.092691
0.0930916
0.0929031
0.091767
0.0936394
0.0938128
0.0931619
0.0937049
0.0938013
0.093943
0.0935144
0.0939501
0.0938959
0.0931999
0.0922003
0.0925008
0.0914282
0.0921013
0.0913679
0.0919944
0.0910448
0.0911773
0.0900593
0.0908457
0.0900473
0.0904628
0.0903295
0.0899702
0.0892719
0.0903612
0.0885897
0.0900418
0.0882981
0.0887562
0.0875863
0.0887663
0.0881241
0.0874209
0.0876007
0.0872499
0.0878163
0.0860655
0.0855929
0.0857208
0.0838036
0.08521
0.085516
0.0859088
0.0858105
0.0853387
0.0856722
0.0846892
0.0861017
0.0845324
0.0848828
0.0833487
0.0838604
0.0829564
0.0825372
0.0814118
0.0830083
0.0818507
0.0824666
0.0815135
0.0821483
0.0818641
0.0811687
0.0813076
0.081367
0.080101
0.0802763
0.080508
0.0801346
0.0793557
0.0782886
0.0786209
0.0784555
0.077993
0.0786419
0.0757542
0.0775722
0.0774715
0.0778638
0.0769342
0.0755571
0.0760931
0.076375
0.0757469
0.0762274
0.075552
0.074781
0.0749323
0.0730138
0.0749972
0.0740554
0.0734561
0.0744338
0.072851
0.0734252
0.0727948
0.0729486
0.0727933
0.0716487
0.0715048
0.0728222
0.07204
0.0710239
0.0711373
0.0710803
0.0713913
0.0712922
0.071018
0.0704018
0.070637
0.0699732
0.0698771
0.0699147
0.0697364
0.0692367
0.0687341
0.0689207
0.0691587
0.068045
0.0685002
0.0672048
0.0674643
0.0662488
0.0673248
0.0676365
0.0679948
0.0665682
0.0669426
0.0664892
0.0653241
0.0660568
0.06592
0.0646328
0.0651261
0.0651201
0.0644759
0.0645429
0.063356
0.0636849
0.0638668
0.0631964
0.0622604
0.0630525
0.0633603
0.0631938
0.0619949
0.0618471
0.0612217
0.0603116
0.0616166
0.0614839
0.0611671
0.0588792
0.0592861
0.0600452
0.059455
0.0599703
0.0585763
0.0585889
0.058477
0.0590066
0.0583894
0.0591235
0.0578611
0.0575412
0.0563845
0.0566864
0.0559828
0.0573886
0.0557238
0.0557039
0.0554059
0.0547924
0.0557375
0.0562593
0.0547064
0.0546161
0.0552166
0.0546054
0.0535401
0.0530177
0.0538092
0.0538117
0.0528033
0.0539046
0.0530384
0.0529996
0.0518065
0.051973
0.0521174
0.0513648
0.0519466
0.0511105
0.0517027
0.0512737
0.0503692
0.0503134
0.0503527
0.050761
0.0507367
0.0483582
0.0485449
0.0482702
0.0487201
0.0493546
0.0496532
0.0489563
0.0481914
0.0483536
0.0474976
0.0481385
0.0468247
0.0473747
0.0463244
0.045995
0.0473408
0.0458823
0.0466337
0.0454385
0.0459823
0.0463315
0.0450781
0.046345
0.0458395
0.043663
0.0443709
0.0430941
0.0439852
0.0451714
0.0434034
0.04259
0.0429311
0.0434634
0.0429759
0.0420404
0.042292
0.0419568
0.0416737
0.0416116
0.0423845
0.0412809
0.0416406
0.0416953
0.0405136
0.0402334
0.040108
0.0398039
0.0399963
0.0394626
0.0387886
0.0394294
0.0386534
0.0396437
0.0404263
0.0385925
0.0378422
0.0383473
0.0377314
0.0376648
0.0368642
0.0370101
0.0368804
0.0357548
0.0358305
0.0364972
0.0358248
0.0347551
0.0355421
0.0350002
0.0347103
0.0340588
0.0339565
0.0334147
0.0327088
0.0329355
0.0334845
0.0323141
0.0323
0.0333585
0.0314607
0.0309465
0.0319877
0.031767
0.0309426
0.03074
0.0305094
0.0302151
0.029677
0.0304624
0.0298348
0.0301887
0.0311104
0.0290987
0.0285116
0.0296147
0.02811
0.0288073
0.0279891
0.0274215
0.0274391
0.0276043
0.0279367
0.0264862
0.0250816
0.026961
0.0267137
0.0254457
0.0255578
0.0244309
0.0253654
0.0246406
0.0240846
0.0245949
0.0234918
0.0246197
0.0235297
0.0228001
0.0225436
0.0214922
0.0209825
0.0212363
0.0211736
0.0211633
0.0207469
0.0206928
0.0194744
0.0187475
0.0185302
0.019361
0.018782
0.0192846
0.0179729
0.0181494
0.0174423
0.0170724
0.0169798
0.0167338
0.0156178
0.0164493
0.0157069
0.0152087
0.0149679
0.0143599
0.0145525
0.0145712
0.0137269
0.0135689
0.0128689
0.0128274
0.0110896
0.0125936
0.0106105
0.010726
0.0099497
0.0106388
0.00908295
0.00904301
0.00856815
0.00780307
0.00610861
0.00605429
0.00561087
0.0064532
0.0065601
0.00470384
0.00505567
0.0050887
0.00456775
0.0038345
0.00272639
0.0035459
0.00264298
0.00180699
0.00200481
0.000711578
0.000913648
0.00131145
-0.000819594
-0.000888698
-0.00129832
-0.00241188
-0.00122406
-0.0010528
-0.00304301
-0.00260152
-0.00349613
-0.00364858
-0.0043062
-0.00397262
-0.00555359
-0.00620123
-0.00662673
-0.00645645
-0.00574838
-0.00686301
-0.00793525
-0.00752676
-0.00712759
-0.00815034
-0.00878568
-0.00854087
-0.00913057
-0.00872034
-0.00969841
-0.0104142
-0.0106032
-0.0104687
-0.0112961
-0.0124034
-0.0124178
-0.0127676
-0.0139062
-0.0137639
-0.0151206
-0.0155082
-0.0155142
-0.0157996
-0.0168306
-0.0166798
-0.0174079
-0.0169718
-0.0164232
-0.0193974
-0.0184729
-0.0197857
-0.0194713
-0.019526
-0.0202477
-0.020235
-0.0221107
-0.0219098
-0.0222849
-0.0221594
-0.0233189
-0.0235886
-0.0243218
-0.0236639
-0.0246823
-0.0248444
-0.0241132
-0.0252369
-0.0259877
-0.0258347
-0.0263888
-0.0260279
-0.0263471
-0.0271701
-0.0268899
-0.0264858
-0.0267103
-0.0276421
-0.0283417
-0.0283889
-0.0274823
-0.0288981
-0.0298428
-0.0302443
-0.0301984
-0.030178
-0.0307337
-0.031185
-0.0308619
-0.0315587
-0.0298518
-0.0321394
-0.0310176
-0.0322263
-0.0318388
-0.0326472
-0.033884
-0.033573
-0.0331969
-0.033907
-0.0334756
-0.0337332
-0.0337939
-0.0343688
-0.0348565
-0.0336869
-0.0358645
-0.0362766
-0.0362818
-0.0360228
-0.0370413
-0.0367052
-0.0372669
-0.0371165
-0.0380748
-0.0378347
-0.0377703
-0.03916
-0.0392947
-0.0396156
-0.0399134
-0.0407009
-0.0405981
-0.0403632
-0.0421063
-0.0422202
-0.0416213
-0.0411971
-0.0419812
-0.0409855
-0.0417816
-0.0411157
-0.0422441
-0.0422397
-0.043938
-0.0434243
-0.0434223
-0.0443377
-0.043403
-0.0440826
-0.0434462
-0.0435931
-0.0428675
-0.0429349
-0.042361
-0.0431693
-0.0434463
-0.0427501
-0.0426152
-0.0420894
-0.0427892
-0.0426702
-0.0415891
-0.0422176
-0.0422708
-0.0409408
-0.0411952
-0.0401171
-0.0419199
-0.0403804
-0.0396307
-0.0411473
-0.0405235
-0.0395058
-0.0397703
-0.0400259
-0.0401343
-0.0394344
-0.0394267
-0.0398804
-0.0392294
-0.0378772
-0.0390165
-0.0381812
-0.0390731
-0.0380214
-0.0372601
-0.0382482
-0.0380775
-0.038433
-0.0385419
-0.0376199
-0.0377002
-0.0374408
-0.0373827
-0.0374269
-0.0376329
-0.0368236
-0.0369909
-0.0372905
-0.0367388
-0.0370543
-0.0370839
-0.0357535
-0.0357777
-0.0358594
-0.0352464
-0.0356668
-0.0349125
-0.0344693
-0.035383
-0.0350172
-0.0354471
-0.0351832
-0.0347704
-0.0351851
-0.0344546
-0.0331742
-0.0328594
-0.0337871
-0.034438
-0.0336875
-0.03349
-0.0331993
-0.0336024
-0.0329513
-0.0340346
-0.0325893
-0.0327702
-0.0332371
-0.0330215
-0.0325435
-0.0319429
-0.0321388
-0.0324072
-0.0309446
-0.0320886
-0.0310428
-0.0310417
-0.0310803
-0.0298315
-0.0311016
-0.0305354
-0.0304904
-0.0307872
-0.0315708
-0.0311409
-0.0294058
-0.0310697
-0.0293272
-0.0291826
-0.0296724
-0.0297529
-0.0299725
-0.028854
-0.029394
-0.0294746
-0.0284811
-0.0285566
-0.0283938
-0.0293771
-0.0278799
-0.028819
-0.0286043
-0.0284317
-0.0283731
-0.0278104
-0.0276977
-0.0273901
-0.0271699
-0.0276878
-0.0282399
-0.0274425
-0.0261622
-0.0268789
-0.026839
-0.0267319
-0.0265655
-0.0256355
-0.0273416
-0.0261016
-0.0265326
-0.0259303
-0.0254761
-0.0258123
-0.0245145
-0.0250166
-0.0246628
-0.0249442
-0.024405
-0.0247115
-0.0242387
-0.0254826
-0.0243667
-0.0247656
-0.0233575
-0.0236982
-0.0239251
-0.0232414
-0.0231013
-0.0227455
-0.0227312
-0.0233451
-0.022755
-0.0229749
-0.0228954
-0.0234403
-0.0226553
-0.0229325
-0.0224128
-0.0220217
-0.0215814
-0.0218547
-0.0221465
-0.0220303
-0.021002
-0.0208908
-0.0212979
-0.0213511
-0.0214106
-0.0199211
-0.0208241
-0.0205174
-0.0197295
-0.020264
-0.0197079
-0.0200187
-0.0200878
-0.019588
-0.0192864
-0.0199335
-0.019711
-0.0191134
-0.0204415
-0.0198171
-0.019243
-0.0195507
-0.0186563
-0.0186503
-0.0189064
-0.0186864
-0.0179073
-0.0186114
-0.0186865
-0.0177663
-0.0181834
-0.0180834
-0.0176623
-0.0174885
-0.0167013
-0.0181512
-0.0177075
-0.0174731
-0.0177112
-0.0171434
-0.016615
-0.017115
-0.015854
-0.0164475
-0.0165856
-0.0158673
-0.0162365
-0.015494
-0.0162294
-0.0166856
-0.015012
-0.0155174
-0.0156564
-0.0154633
-0.0154156
-0.0145231
-0.0147161
-0.014756
-0.0139156
-0.0147631
-0.0142997
-0.0142084
-0.0139598
-0.0140824
-0.0135784
-0.0136266
-0.0132693
-0.0140101
-0.0131328
-0.0136953
-0.0132607
-0.0138394
-0.0134991
-0.0130685
-0.0138606
-0.0123462
-0.0124096
-0.0133461
-0.0125461
-0.0127575
-0.0112531
-0.0124378
-0.011814
-0.012018
-0.0122089
-0.0115706
-0.0119833
-0.0109879
-0.0112922
-0.0112097
-0.0115664
-0.0108146
-0.0105797
-0.0106931
-0.0105974
-0.0100056
-0.00975159
-0.0100032
-0.00966882
-0.00977925
-0.011105
-0.00949956
-0.00874373
-0.00988167
-0.009571
-0.0085893
-0.00943657
-0.00963819
-0.00897038
-0.00908972
-0.00839981
-0.00838742
-0.00844175
-0.00832103
-0.0084718
-0.00816611
-0.00787882
-0.00773295
-0.00783188
-0.00694413
-0.00762785
-0.00724543
-0.00665431
-0.00732383
-0.0065185
-0.00637721
-0.00665838
-0.00606181
-0.0068624
-0.00683598
-0.00567989
-0.00620589
-0.0063372
-0.00628041
-0.00616202
-0.00596531
-0.00544749
-0.00497424
-0.00570356
-0.00598785
-0.00497598
-0.00575445
-0.00545012
-0.00438927
-0.0053014
-0.00598948
-0.00440905
-0.00486037
-0.00576925
-0.00486781
-0.00530892
-0.00520961
-0.00515718
-0.00448634
-0.00370367
-0.00427478
-0.00422689
-0.00367413
-0.00442887
-0.00356627
-0.00280235
-0.00363881
-0.00357403
-0.00367824
-0.002138
-0.0035355
-0.00357854
-0.00313848
-0.00320879
-0.00283525
-0.00272363
-0.00290871
-0.00177137
-0.00231639
-0.00152181
-0.00242472
-0.00186799
-0.0024118
-0.00190548
-0.000479361
-0.00229809
-0.00135431
-0.00192426
-0.00178618
-0.00196365
-0.00108627
-0.00141732
-0.000766013
-0.00156363
-0.00138832
-0.00162349
-3.30787e-05
-0.000418495
-0.000283387
-0.000249712
0.00054772
2.12664e-05
-0.00101821
-0.00045587
-0.000628083
0.000204028
0.00035874
0.000656384
-0.000978699
0.000523985
-0.000874864
-8.96535e-05
-0.00043808
-0.00108461
0.000431727
-7.66901e-05
-0.000599849
-0.00115807
0.000317881
0.000359384
-0.000163976
0.000320023
-0.000720649
0.000680486
-4.70827e-05
-0.000633152
-0.000789053
-0.00105866
-0.000490119
-3.09101e-05
-0.000331727
-0.000430852
-0.0010529
7.38537e-05
-3.98356e-05
-0.000404184
-0.000239251
-0.000798585
-0.000407044
-0.000567749
-0.000133385
0.00046842
-0.000641091
-0.0005909
-0.000680853
0.000869248
0.000480626
0.000265045
-0.0015502
-9.64776e-05
8.531e-05
0.000657236
-0.00016428
-3.54358e-05
0.000343441
-0.000881265
-0.000107345
-0.000982516
0.000331161
-6.55257e-06
-0.000237522
-1.14405e-06
1.54154e-05
