0.00035478
-0.00372345
-0.00477259
0.000813526
0.0013627
0.000164671
-0.000160379
0.00262368
-0.000603343
0.00057791
0.00521574
0.00128976
-0.00257388
0.000633182
-0.00098854
-0.00430446
0.00377636
-0.00199876
0.0048615
-0.00260074
0.00423872
0.000844891
-0.00321058
-0.00112213
0.000764882
0.00046775
0.000854441
-0.000314842
0.00286357
-0.00289559
0.00110902
0.00370829
0.00202258
-0.00108931
0.00165646
-0.003011
0.000631236
0.000410609
-0.00183586
0.00266331
0.00280667
-0.00285359
0.0025303
-0.000296169
0.000300472
-0.00186499
0.00115052
0.00374934
0.00310293
-0.00168945
0.00602173
0.00247027
0.00308707
0.00540704
0.00187589
0.00362904
0.00232003
0.00138281
-0.00115843
0.000266964
0.00081081
0.000525658
-0.00262773
-0.00143333
-0.00263935
0.00140433
-0.00274073
0.00176005
0.00155983
0.00276349
-0.000629895
0.00689641
-0.00419846
0.00235957
0.00422968
0.00152607
0.00322936
-0.00505092
-0.00128396
-0.00335757
0.00196013
0.00302479
0.000394101
0.000243362
0.000405226
0.000381085
0.000135982
0.00228892
-0.00189297
0.00189838
0.00160057
-0.00375326
0.00117544
-0.00031849
-0.00165321
-0.00304735
0.000860507
0.00108949
-0.00086782
-0.000889916
-0.00060033
-0.0018631
0.000440414
-0.000570451
-0.000563937
0.00304417
0.00668109
0.00014668
0.00225746
0.000268187
0.00317898
-0.000401507
-0.000623214
0.00188874
0.00462268
0.00654219
0.00192862
0.00486142
0.00184643
-0.00389176
3.52093e-05
-0.00658029
0.00117479
-0.000618542
0.000522341
-0.00322611
-0.00216633
0.000980846
-0.00443291
-0.00123667
0.000160156
-0.00250611
-0.00557475
0.00577775
-0.00438283
0.00502015
0.000649233
-0.000687664
-0.000995667
-0.00307822
0.00420061
-0.00050072
0.00328986
0.00146672
-0.000141356
0.00162541
-2.64164e-05
0.00111141
-0.0021553
-0.00418217
0.00122467
0.00164328
0.00106266
-0.00247049
-0.00150939
-0.00520369
-0.00687292
0.00225115
-0.00358571
-5.45262e-05
-0.00366999
0.00325333
0.00282924
-0.0016869
-2.7141e-05
-0.00234855
0.00190083
0.00307214
0.00472277
0.00209338
0.00431562
-0.000149598
0.0061578
0.00151918
0.00410466
0.00630518
0.00405667
0.000990808
0.00354775
0.00399695
0.00963805
0.00424259
0.00441924
0.0037467
0.00984058
0.00789095
0.0060563
0.00352496
0.00707448
0.00488067
0.00662411
0.00479089
0.00618363
0.00778623
0.0054909
0.00812621
0.0015179
0.00353837
0.0065591
0.00595879
0.0066154
0.00439991
0.000369109
0.00661586
0.00690592
0.00628123
0.00733386
0.0101398
0.012624
0.00956302
0.0107111
0.00967023
0.00630587
0.0103512
0.0104824
0.00944201
0.0120316
0.00938983
0.00753713
0.00710626
0.00682579
0.00848849
0.00885721
0.00965978
0.00744557
0.0118977
0.012455
0.00931328
0.00872668
0.00761454
0.00888734
0.00911436
0.0095274
0.0120721
0.00830483
0.00612809
0.0106574
0.00959456
0.0117752
0.00747949
0.0128217
0.00848427
0.00815546
0.00739766
0.00829669
0.00601928
0.00851896
0.0125227
0.00665797
0.0139895
0.00833824
0.0130697
0.011209
0.014162
0.0124828
0.00975028
0.0137008
0.0112182
0.0110757
0.0121076
0.013591
0.0163573
0.0113966
0.0131767
0.0118054
0.0110869
0.00984985
0.00883367
0.0122078
0.014272
0.010318
0.0152784
0.00728634
0.0152903
0.0135272
0.0152322
0.0122465
0.0117554
0.0124435
0.0151333
0.0109905
0.00842866
0.0114019
0.0154879
0.0165446
0.0122737
0.0180495
0.0133153
0.0155843
0.0181285
0.0141625
0.018875
0.0182038
0.0164832
0.0136728
0.0153195
0.0167317
0.0147057
0.0163494
0.0163376
0.0150442
0.0171592
0.0127315
0.016132
0.0145149
0.0198515
0.0212948
0.0177206
0.0218957
0.0133337
0.0170188
0.0186521
0.01229
0.0141965
0.0135315
0.0144194
0.0168972
0.0169126
0.0160896
0.0179148
0.0212701
0.0184734
0.0154283
0.0220635
0.0225498
0.0222762
0.0210365
0.0238372
0.0250958
0.0230355
0.0206614
0.0203278
0.021294
0.0158312
0.0221452
0.0228526
0.0228356
0.0209797
0.0250126
0.0227911
0.02322
0.0214553
0.0216156
0.0232608
0.0208249
0.0254309
0.0157837
0.0239184
0.020178
0.0231079
0.0193884
0.0196453
0.0210269
0.0252102
0.020162
0.0205567
0.0231245
0.0205191
0.0215396
0.0239714
0.0229845
0.0269599
0.0236677
0.0243041
0.0222248
0.0234963
0.0280233
0.02438
0.0230128
0.0265738
0.0237395
0.0264761
0.0252491
0.0276823
0.0275944
0.0277341
0.0253575
0.0240553
0.0251392
0.027159
0.0231757
0.0248615
0.024424
0.0229209
0.0288441
0.024083
0.0312186
0.0263528
0.0284636
0.0282192
0.0309112
0.0272049
0.0288142
0.0240416
0.0298116
0.0264693
0.0287723
0.0288235
0.0276846
0.0328596
0.0305337
0.0247898
0.0352693
0.0301737
0.0340375
0.0276506
0.0302719
0.027101
0.029554
0.0287896
0.0258291
0.0265081
0.0302492
0.031415
0.0333994
0.0270121
0.0295604
0.0293089
0.03308
0.0303658
0.0286126
0.0317866
0.0301547
0.0326241
0.030749
0.0284446
0.0302102
0.0295592
0.0269789
0.0279766
0.0262836
0.0286578
0.033913
0.0291918
0.0362788
0.0358648
0.0322279
0.0356378
0.0335618
0.0318351
0.0340314
0.0353968
0.0314699
0.0360648
0.0339123
0.030042
0.0309682
0.0301668
0.0294874
0.0318234
0.0256504
0.0297021
0.0314361
0.0330131
0.0344972
0.0284089
0.0333079
0.0302952
0.0343583
0.0324412
0.0313359
0.035375
0.0369614
0.0357077
0.0399329
0.0357804
0.0378846
0.0390447
0.0338816
0.0391477
0.0368458
0.0343063
0.0391601
0.0354251
0.041939
0.0363548
0.0356959
0.0397628
0.0388432
0.0349331
0.0419257
0.0385123
0.0381776
0.0345254
0.036304
0.0368912
0.0392551
0.0405606
0.0390966
0.0352505
0.0385114
0.0360392
0.0355539
0.0344709
0.0358119
0.038164
0.0403537
0.0370795
0.0384196
0.0408292
0.039725
0.0407408
0.0405819
0.0430219
0.0437631
0.0425294
0.0432657
0.042526
0.0426165
0.0405064
0.0419825
0.038848
0.0414402
0.0396888
0.0421414
0.0421688
0.0404989
0.0389221
0.039672
0.0400234
0.0393675
0.0382095
0.0377357
0.0420275
0.0403078
0.0419034
0.0386287
0.0395826
0.0387007
0.0418791
0.0389045
0.0390577
0.0428019
0.0382634
0.0420997
0.0415055
0.0391822
0.0427555
0.0404363
0.0434797
0.0451678
0.0416225
0.0482143
0.0406289
0.043585
0.0435616
0.0458238
0.0462888
0.0479821
0.0464424
0.0481102
0.0483639
0.0469371
0.0460372
0.048618
0.0488533
0.0531428
0.0489741
0.0512197
0.0534432
0.0515336
0.0496729
0.0494223
0.0578669
0.0508562
0.0543585
0.0583754
0.052504
0.0573943
0.0569443
0.0561806
0.059273
0.0550378
0.0576969
0.0606393
0.0579944
0.0613115
0.0569276
0.0566155
0.0566193
0.0597237
0.0550133
0.0577104
0.0563377
0.0604726
0.0572625
0.0572504
0.0584291
0.0623238
0.0580063
0.0604058
0.0603066
0.0600139
0.0611941
0.0631285
0.0629128
0.0648235
0.0646017
0.0623878
0.0663555
0.0644298
0.0633399
0.0651007
0.0619461
0.0635445
0.0644786
0.0632923
0.0632952
0.0635074
0.0668191
0.0648056
0.0657664
0.0655993
0.0663102
0.0683037
0.0660495
0.0727076
0.0656269
0.0696862
0.0688324
0.0716291
0.0721479
0.0682398
0.0700043
0.0680785
0.0719818
0.0693321
0.0727345
0.0669785
0.0712808
0.0668187
0.0700589
0.0711464
0.0748593
0.0720505
0.0775942
0.0733501
0.0759133
0.0734038
0.0747495
0.0766717
0.0792343
0.0784092
0.0784779
0.0808085
0.0772115
0.0788396
0.0778538
0.0815804
0.0787604
0.0787333
0.080576
0.0780938
0.0804738
0.0801355
0.0818955
0.0831198
0.0804227
0.0807876
0.0833509
0.0837083
0.0843465
0.0795266
0.0851373
0.0815592
0.082132
0.0863077
0.0836249
0.0829264
0.0839833
0.0837771
0.0848909
0.0851045
0.0882363
0.0867444
0.0860905
0.0892897
0.0880694
0.0892133
0.0866338
0.0896425
0.087253
0.087121
0.0912421
0.0883731
0.0915516
0.0905098
0.0926874
0.0906363
0.0921833
0.0889082
0.0916928
0.090045
0.0881277
0.0921376
0.0909812
0.0893392
0.0911826
0.0922232
0.0898683
0.0925867
0.0924802
0.0915624
0.0942606
0.0945392
0.0931822
0.0931634
0.0978811
0.0936919
0.0948653
0.0967487
0.0980817
0.097211
0.0970329
0.0980975
0.0989156
0.0982858
0.0953125
0.0995822
0.100181
0.0983123
0.0974053
0.0957307
0.0989706
0.0996087
0.0983861
0.098926
0.0969881
0.0980765
0.0976418
0.0986678
0.0980312
0.0969536
0.100217
0.0987217
0.0996424
0.0988657
0.0993845
0.0993433
0.0979811
0.0982692
0.0964164
0.0996989
0.099504
0.101336
0.0995557
0.103194
0.0997718
0.101725
0.0991792
0.100556
0.0984934
0.0999322
0.101552
0.101538
0.099377
0.100163
0.100614
0.0980618
0.101932
0.103705
0.0982683
0.102768
0.0982004
0.100052
0.100154
0.0990733
0.100331
0.100078
0.100567
0.101417
0.104314
0.102083
0.104131
0.103412
0.103452
0.104001
0.100396
0.101318
0.10099
0.101473
0.101397
0.104862
0.102651
0.103979
0.102257
0.103304
0.100978
0.101317
0.101254
0.10318
0.102201
0.10273
0.0988995
0.10425
0.101952
0.0997852
0.105482
0.104212
0.103052
0.102717
0.105588
0.103575
0.10477
0.104672
0.105096
0.104338
0.104405
0.106018
0.105273
0.100528
0.105423
0.101962
0.104582
0.100705
0.102142
0.104691
0.0979154
0.106384
0.101415
0.101274
0.0991097
0.0984468
0.0985481
0.10041
0.101465
0.0987462
0.0987289
0.0990053
0.0996495
0.0991423
0.0954996
0.0976443
0.0976964
0.101278
0.09662
0.0957037
0.0962671
0.0973196
0.0950873
0.0953684
0.0948275
0.0979706
0.0936262
0.0978904
0.0958354
0.0953183
0.0946015
0.0948455
0.0950886
0.0966919
0.0933636
0.09362
0.094112
0.0947368
0.0929104
0.0961422
0.0972726
0.0955098
0.0944341
0.0949926
0.0923282
0.0926119
0.0942289
0.0967461
0.0924629
0.0901168
0.0944294
0.0916573
0.0895334
0.0878656
0.0907546
0.0907956
0.0934762
0.0907351
0.089032
0.0909619
0.0898423
0.0882145
0.0919711
0.089303
0.0899721
0.0889961
0.0908352
0.0926514
0.0906467
0.0894077
0.0879413
0.0882422
0.089076
0.0893332
0.0881937
0.0898562
0.0869653
0.0884195
0.088258
0.0864348
0.085875
0.0874853
0.0851748
0.0846719
0.0865784
0.0827589
0.0815257
0.0840984
0.0829303
0.085801
0.0854965
0.0826304
0.0805816
0.0827186
0.0806558
0.0818199
0.0788638
0.0801028
0.0811793
0.0787231
0.0793218
0.0791774
0.0809119
0.0803754
0.0773315
0.0773446
0.077688
0.0775149
0.0818207
0.0794121
0.081584
0.0781403
0.0776793
0.0762555
0.0791787
0.0766513
0.0783508
0.0762518
0.0785915
0.0793234
0.0747338
0.0786124
0.076217
0.0745874
0.0742006
0.0726906
0.075361
0.0733388
0.0735347
0.07611
0.076372
0.0743823
0.0761002
0.0775244
0.0741688
0.0697591
0.071313
0.0687767
0.0771804
0.0698033
0.0734442
0.0676301
0.0724162
0.0676818
0.0682227
0.0665344
0.0693272
0.0683
0.0666865
0.0689216
0.0643992
0.0674429
0.0685062
0.0660332
0.0658992
0.0677984
0.0663449
0.0677234
0.0665204
0.0682563
0.0648152
0.0680444
0.0636658
0.0689624
0.064794
0.0672139
0.0678654
0.0672442
0.0678081
0.0638768
0.0692519
0.0684998
0.0669196
0.0683929
0.063488
0.0657155
0.0637854
0.0674455
0.0663639
0.0677709
0.0644619
0.0655471
0.0685857
0.0692504
0.0691687
0.0629626
0.0698394
0.0604699
0.0648708
0.0638853
0.0649528
0.0650786
0.069858
0.0685787
0.0657637
0.0687151
0.065135
0.0649233
0.0685137
0.0656599
0.0643435
0.0664899
0.0661108
0.067685
0.0656293
0.0669012
0.0649743
0.0663844
0.065762
0.0655887
0.0667285
0.0669941
0.0671843
0.0675413
0.0683417
0.066067
0.070065
0.0667906
0.0648721
0.06983
0.0665893
0.0720911
0.0658088
0.0695325
0.0613508
0.0607317
0.0698103
0.0667634
0.0666963
0.066454
0.0703782
0.0664587
0.0693907
0.0632407
0.0708431
0.0631465
0.0685188
0.0663696
0.0671819
0.069037
0.0685073
0.0666787
0.0688518
0.0674898
0.0686943
0.0669786
0.0649748
0.0670986
0.070984
0.0690202
0.0630247
0.0646876
0.0688228
0.0656051
0.065053
0.0669981
0.0669906
0.065801
0.0667843
0.064352
0.0675039
0.0680223
0.0698172
0.0666538
0.0664571
0.0683258
0.070424
0.0681449
0.0671887
0.063416
0.0724231
0.0667839
0.0705671
0.0658985
0.0689299
0.0626445
0.0731911
0.0663491
0.0694566
0.0691024
0.0656779
0.0648977
0.0702948
0.0684484
0.0711271
0.0695536
0.0683618
0.0652411
0.0689125
0.0667162
0.0684495
0.0662458
0.0691543
0.0676807
0.0669332
0.0663059
0.0694632
0.0674138
0.0682565
0.0700466
0.0687943
0.0659823
0.0686721
0.0642607
0.0684697
0.0671585
0.0689541
0.0660476
0.0674039
0.0700919
0.068719
0.068885
0.0692386
0.0688658
0.0662115
0.0676762
0.0683731
0.0687112
0.068058
0.0699178
0.0711385
0.0638726
0.0667927
0.0665226
0.0679644
0.0684194
0.0683857
0.0674132
0.0671103
0.0674797
0.0639462
0.0670127
0.0677103
0.0715603
0.0705496
0.0682438
0.0668511
0.0663305
0.0693701
0.068367
0.0696251
0.0676911
0.066807
0.0697207
0.0693438
0.0676346
0.0687443
0.0665193
0.0686224
0.0693125
0.065405
0.0672083
0.0667311
0.0681552
0.0681406
0.0682513
0.0667118
0.068594
0.0659843
0.0682529
0.0689911
0.0661894
0.0672736
0.0677007
0.0673269
0.0696882
0.065618
0.0703519
0.0675726
0.0637424
0.0685357
0.0665904
0.0669261
0.0701341
0.0695687
0.068068
0.0707684
0.0667182
0.0710863
0.0662406
0.066489
0.0656171
0.0694875
0.0662893
0.0712448
0.0688801
0.0698015
0.0711885
0.068548
0.0718436
0.0651866
0.0705406
0.0684889
0.0673536
0.068026
0.0705237
0.0656538
0.0702082
0.0667532
0.0687087
0.0693211
0.0693974
0.066018
0.0737133
0.0698017
0.0691082
0.068836
0.0696557
0.0699769
0.0711022
0.0660603
0.0723268
0.0695131
0.0701382
0.0734574
0.0686668
0.0708971
0.0748029
0.0655445
0.0686926
0.0662751
0.0778891
0.0686647
0.0703796
0.0677993
0.0706989
0.0695673
0.0729103
0.0664115
0.071953
0.0742878
0.0708569
0.0729841
0.0704592
0.0715398
0.0706664
0.0714388
0.068375
0.0707531
0.0712921
0.0699246
0.0676218
0.0732092
0.0686907
0.0741309
0.073611
0.0696381
0.0693418
0.0743889
0.0686851
0.0744653
0.068398
0.0705222
0.0665105
0.072751
0.0678177
0.0776194
0.0673048
0.0707067
0.0684102
0.0740838
0.0655488
0.0722338
0.0727843
0.0735601
0.0671473
0.0761981
0.0671652
0.0728174
0.0705741
0.0716311
0.07184
0.0715025
0.07388
0.074696
0.0726711
0.0732506
0.0727297
0.0716277
0.0693291
0.0736748
0.0737042
0.0712264
0.0681546
0.0730402
0.075267
0.0726786
0.0732326
0.0678223
0.0716138
0.0735437
0.0706019
0.071413
0.0714668
0.0675179
0.0728679
0.0747615
0.0731947
0.0731825
0.0765084
0.0708187
0.074909
0.0745805
0.0712434
0.074181
0.0692556
0.0741345
0.0716746
0.0715887
0.0751653
0.0725473
0.0747844
0.0712645
0.0759687
0.0705907
0.0787727
0.073574
0.0720323
0.074077
0.072589
0.0726669
0.0722311
0.0733531
0.0734127
0.0757095
0.0739016
0.075486
0.0701078
0.073538
0.0715731
0.0722285
0.0723267
0.0770328
0.0687593
0.0757047
0.0720294
0.0749952
0.071488
0.0763235
0.0714766
0.0742016
0.0732652
0.0748426
0.0717495
0.074417
0.0742196
0.0741627
0.0727997
0.0731698
0.0725827
0.0755669
0.0750915
0.0761903
0.0727866
0.0731921
0.0727832
0.0734999
0.0711643
0.0749365
0.0758445
0.0733207
0.0753836
0.0763091
0.074167
0.080515
0.0716629
0.0751795
0.0713447
0.0791421
0.0738588
0.0718678
0.0768539
0.0763999
0.0733566
0.0762618
0.0762155
0.0734088
0.078781
0.0770693
0.0739297
0.0759951
0.0762698
0.0725029
0.0752404
0.075708
0.0786262
0.0717668
0.0767092
0.0728983
0.0760291
0.0728328
0.0783875
0.0714217
0.0754001
0.0720515
0.0747362
0.0727928
0.0729215
0.0756728
0.0731352
0.0721924
0.0730419
0.0758667
0.0716753
0.0816559
0.0745974
0.0772633
0.0772642
0.0723189
0.0772647
0.074579
0.0784983
0.0764539
0.0739094
0.0757129
0.0761692
0.0740166
0.0742412
0.0762289
0.0786039
0.0777341
0.0722395
0.0823803
0.0757393
0.0765415
0.0786783
0.0779602
0.0712479
0.0731222
0.0765556
0.0750264
0.0751147
0.0750828
0.0777048
0.0773705
0.0770742
0.0732936
0.0779842
0.0762307
0.0751327
0.0753819
0.0792609
0.0761352
0.074861
0.0741918
0.0741814
0.0775609
0.0696255
0.0740166
0.0712629
0.0736255
0.0728157
0.0742566
0.0738492
0.0746041
0.0720442
0.0743427
0.0711508
0.0745996
0.0728968
0.0734379
0.0767051
0.0747244
0.0762616
0.0752545
0.0740431
0.0720248
0.0766913
0.0763196
0.0756753
0.073783
0.08134
0.0724765
0.0782723
0.075206
0.0801362
0.0767765
0.0780525
0.0708208
0.0821365
0.0747344
0.0756622
0.0732639
0.0794331
0.0740894
0.0779137
0.0736081
0.0735934
0.0788403
0.074256
0.0757743
0.0785124
0.0754216
0.0770496
0.0730349
0.0826979
0.0731766
0.0731862
0.0751555
0.0765717
0.0773954
0.0730379
0.0743565
0.0727268
0.0794874
0.0762956
0.0777752
0.0771735
0.0757585
0.0750901
0.0749203
0.0747881
0.075125
0.0754557
0.0784328
0.073655
0.0746088
0.0721952
0.0781608
0.0753255
0.0791109
0.0750267
0.0803492
0.0718614
0.0747861
0.0753566
0.0787708
0.0745056
0.0799012
0.0737274
0.0742337
0.0777803
0.0736063
0.078809
0.0728319
0.0756447
0.0731476
0.074667
0.0736363
0.0779288
0.0764098
0.0777303
0.0785196
0.0739304
0.0768264
0.0812866
0.0695934
0.08013
0.0766031
0.0747136
0.0762544
0.0800199
0.0747254
0.0781938
0.0775372
0.0777118
0.0796607
0.0779982
0.0768476
0.0796042
0.0781515
0.0786918
0.0757073
0.0792819
0.0784523
0.0780552
0.0772262
0.076148
0.0772928
0.0777112
0.0802689
0.0765442
0.0769259
0.0782985
0.0746751
0.0749594
0.0812704
0.0747401
0.0743106
0.0739122
0.0793173
0.0737439
0.0750536
0.0752194
0.079493
0.0755036
0.0773219
0.076571
0.0753545
0.0721404
0.0776109
0.0734015
0.0778597
0.0777177
0.0774565
0.0776197
0.0732157
0.0818735
0.0764389
0.0772111
0.0771687
0.0771495
0.0759744
0.0766904
0.0731978
0.0744143
0.0777473
0.0737709
0.0697461
0.0774245
0.0701367
0.0795119
0.0722551
0.0790041
0.0747323
0.0784568
0.0719207
0.077438
0.0731342
0.0743477
0.0764332
0.0743406
0.0766146
0.0776114
0.0765799
0.076179
0.0795279
0.0787048
0.0730337
0.0788108
0.0749911
0.0783008
0.0768798
0.0776382
0.0781514
0.0752239
0.0761302
0.0733366
0.0759587
0.0750439
0.0783616
0.0775141
0.0764851
0.0773633
0.07524
0.0777357
0.0756944
0.0769265
0.0774262
0.0791425
0.0777071
0.0755661
0.07844
0.0775411
0.077198
0.0815292
0.0767973
0.0784985
0.0794106
0.0753065
0.078859
0.0766805
0.0775487
0.0817719
0.0775074
0.0849619
0.0814493
0.0766515
0.0749515
0.0786651
0.0787713
0.0787773
0.0818141
0.0796342
0.0757296
0.0755228
0.0779716
0.0796363
0.0784049
0.0775946
0.0810549
0.0796949
0.079217
0.0778985
0.0760965
0.0786261
0.0779373
0.0791096
0.0795864
0.0775246
0.0795397
0.07793
0.0773041
0.0796316
0.079854
0.0779503
0.0753009
0.0759936
0.0819961
0.0766066
0.0783712
0.0788068
0.0857178
0.0801668
0.0786519
0.0819271
0.0791239
0.0787269
0.0802904
0.0798852
0.0813878
0.0780782
0.0788042
0.0789251
0.0806723
0.0821926
0.0767776
0.0798279
0.0798409
0.076109
0.0752041
0.0830394
0.0781674
0.0795088
0.0730741
0.0757634
0.0787783
0.0758827
0.0780138
0.0772793
0.0767917
0.080568
0.0760349
0.0783375
0.0774082
0.0754311
0.0840515
0.0813876
0.0826517
0.0823238
0.0784043
0.0794121
0.0781579
0.0789462
0.0806853
0.0807446
0.0772125
0.0779945
0.0797412
0.0811416
0.0836092
0.0801098
0.0806651
0.0814768
0.0820186
0.0802982
0.0816365
0.082048
0.0777209
0.0810802
0.081171
0.0784291
0.0811865
0.0810476
0.0831257
0.0800539
0.0795432
0.078721
0.0785058
0.0770848
0.0810942
0.078879
0.0776835
0.0797575
0.0789905
0.0811723
0.0805905
0.079151
0.0798764
0.0846547
0.0809739
0.081733
0.0804337
0.079977
0.0801983
0.0806065
0.0800305
0.0789947
0.0790925
0.0824147
0.0779524
0.0828266
0.0772646
0.0841122
0.081507
0.0808119
0.0816386
0.0803236
0.0828464
0.0849105
0.0765134
0.0826826
0.0779107
0.0832461
0.0813488
0.0848904
0.0829197
0.0832929
0.0778608
0.083502
0.0795309
0.0803651
0.0808163
0.0793812
0.078733
0.0787061
0.0841509
0.0795345
0.0841656
0.0803299
0.0836061
0.0817816
0.0828207
0.0840504
0.0846114
0.0821204
0.0786252
0.0791979
0.0804871
0.084379
0.0869075
0.0820684
0.0890307
0.0830541
0.0802112
0.0812161
0.0830111
0.0862775
0.0836121
0.0880347
0.0835346
0.0820508
0.0835502
0.081478
0.0823131
0.0828778
0.0820215
0.0834715
0.085777
0.0803349
0.0838053
0.0837513
0.0849248
0.0855744
0.0809366
0.082007
0.0836896
0.0854981
0.0840355
0.0816835
0.0845353
0.0828808
0.0803047
0.0843933
0.0801728
0.0810283
0.0802235
0.0820337
0.0822838
0.0799753
0.0830737
0.0861069
0.0816216
0.0818864
0.0812658
0.083847
0.081508
0.0856959
0.0809697
0.0768698
0.0838377
0.0846757
0.0847093
0.0887906
0.0853552
0.0810818
0.0801861
0.0813025
0.0831728
0.0848083
0.082132
0.0857848
0.0830253
0.0847354
0.0804593
0.0791528
0.0809977
0.0758915
0.0741457
0.0802464
0.0774414
0.078197
0.0793267
0.0805791
0.0777791
0.081839
0.0786152
0.0794805
0.0806274
0.0803741
0.07753
0.0818231
0.0751254
0.0806557
0.0819446
0.0771049
0.0795011
0.0836836
0.0764857
0.0807857
0.0827639
0.0795124
0.0816543
0.0817381
0.0766048
0.0745971
0.0790958
0.0811829
0.077383
0.0760232
0.080392
0.0738753
0.081607
0.0784208
0.0793014
0.0773579
0.0765983
0.0801867
0.0787023
0.0764657
0.0786374
0.0753095
0.0774043
0.0777048
0.0783913
0.0778767
0.075918
0.0753718
0.0776946
0.0734253
0.0777495
0.0752887
0.0792905
0.0768832
0.0753506
0.0749731
0.0764443
0.0760336
0.0787502
0.0767
0.0745997
0.0764435
0.08209
0.0750906
0.0814157
0.0760459
0.076424
0.0765328
0.0759558
0.0725961
0.0738629
0.074271
0.0754506
0.0765072
0.0755464
0.0731359
0.0771193
0.073755
0.0750548
0.0734635
0.0749048
0.0737909
0.0751982
0.0769039
0.0749705
0.0775502
0.0761657
0.0772908
0.0737517
0.0776818
0.0775491
0.0737732
0.0748159
0.0726929
0.0748861
0.074478
0.0749057
0.0761209
0.0740013
0.0751897
0.0720383
0.0720224
0.0779849
0.0750778
0.0769651
0.0750848
0.0751638
0.0790106
0.0713842
0.0757308
0.0772774
0.0744423
0.0763213
0.0755264
0.0747289
0.0766243
0.0770628
0.0706533
0.0780576
0.0746822
0.0738765
0.0763387
0.076175
0.0777539
0.0771429
0.0782984
0.0738637
0.0752437
0.0737898
0.0753108
0.0723561
0.073546
0.0753235
0.0723517
0.0751204
0.072427
0.0710456
0.0750266
0.0774108
0.070504
0.0729712
0.0719618
0.0730069
0.0687762
0.0735961
0.0708448
0.0748283
0.0680253
0.0719508
0.0681848
0.066125
0.0738448
0.0716076
0.0677238
0.0734972
0.0692482
0.0713164
0.069499
0.0704615
0.0697425
0.0669817
0.0695399
0.0695791
0.0676057
0.0723734
0.0687736
0.0706168
0.0691879
0.0709779
0.0724632
0.0672252
0.0709093
0.0689544
0.0720797
0.0714043
0.0708118
0.069889
0.0696703
0.0729171
0.0669886
0.0712075
0.0756772
0.0706556
0.0684379
0.0709298
0.071777
0.0686456
0.0692804
0.0686201
0.0684931
0.0674218
0.0651865
0.0678961
0.0697873
0.0700081
0.0680615
0.0661389
0.0652944
0.0668664
0.0658523
0.0666082
0.0682799
0.0642138
0.0647505
0.0683405
0.0686964
0.0651088
0.0661413
0.0635088
0.0640627
0.0657759
0.0643157
0.0623397
0.068099
0.0653087
0.0665811
0.0640289
0.0656581
0.0645823
0.0661228
0.0648897
0.0628069
0.066687
0.06657
0.0613157
0.0657433
0.0642653
0.0634829
0.0625788
0.0641407
0.0633907
0.0595101
0.0603058
0.0636582
0.0621212
0.0610398
0.0606839
0.065326
0.0591131
0.0598497
0.0604927
0.0589203
0.0587123
0.0609574
0.0603629
0.0636489
0.0642545
0.0599384
0.0629793
0.0581805
0.0638504
0.0601179
0.0626567
0.0634899
0.062204
0.0625636
0.0619741
0.0636054
0.0637896
0.0606085
0.0616429
0.0614647
0.0635371
0.063182
0.0636109
0.0613144
0.0669465
0.065351
0.0668889
0.0664003
0.0667969
0.0658665
0.0661024
0.0642838
0.0691032
0.066778
0.0697267
0.0651241
0.0670844
0.0656169
0.0662837
0.0691441
0.0649337
0.0673436
0.0700263
0.0691274
0.069726
0.0667798
0.0687329
0.068546
0.0681641
0.06907
0.0719657
0.0703576
0.0721803
0.0699649
0.0715614
0.0749235
0.0708491
0.0743013
0.0738172
0.0746433
0.0740657
0.0743194
0.0737581
0.072263
0.0723144
0.0733203
0.0742877
0.0724242
0.0710565
0.075831
0.0732409
0.0755575
0.0781922
0.075448
0.0746871
0.0759714
0.0762731
0.0727778
0.0765332
0.072033
0.0747079
0.0722879
0.0751423
0.0737272
0.0779888
0.079557
0.0802316
0.0777491
0.0777357
0.0808199
0.0783757
0.0802873
0.0765814
0.076073
0.0767664
0.0767664
0.0793325
0.0761292
0.0790477
0.0796572
0.0775783
0.0809367
0.0781489
0.0815861
0.0830541
0.0775429
0.0793594
0.0776517
0.0782846
0.0793541
0.0815628
0.0825108
0.0834695
0.0813411
0.0833612
0.0820805
0.083659
0.0836817
0.087146
0.0835683
0.0846311
0.0866891
0.0859779
0.0858554
0.0858859
0.0854573
0.0859669
0.0871429
0.089138
0.0876014
0.0924488
0.0871756
0.0901095
0.0893202
0.0902167
0.0902304
0.0900212
0.0888924
0.0887648
0.08655
0.0898637
0.0886325
0.0882841
0.0901507
0.0889003
0.0871887
0.0877242
0.0927581
0.093116
0.0944744
0.0963799
0.089969
0.0931727
0.089217
0.0902704
0.0920851
0.0912815
0.0942367
0.0910602
0.0927469
0.0930618
0.0943556
0.0957041
0.0914866
0.0952005
0.0984787
0.101135
0.0979812
0.0971165
0.0958774
0.0938093
0.0942587
0.0948817
0.0949108
0.0961965
0.0968934
0.0944188
0.0942263
0.0968684
0.0980938
0.0967119
0.0994334
0.0974608
0.0983689
0.097873
0.0966041
0.0985635
0.0964226
0.0974034
0.0984312
0.0973041
0.100411
0.0974731
0.0986625
0.0953523
0.0951559
0.0988026
0.0997012
0.0960305
0.101397
0.102013
0.104167
0.0988947
0.0992016
0.100773
0.102978
0.0994298
0.101923
0.103797
0.097036
0.101768
0.0997017
0.100097
0.100529
0.0997526
0.0968837
0.101393
0.0983732
0.0990147
0.102235
0.100247
0.0984275
0.101663
0.0991926
0.0993941
0.0999423
0.0968726
0.100247
0.0995086
0.0946012
0.0973046
0.097816
0.097393
0.0986304
0.0973038
0.0947322
0.09729
0.0975131
0.0969494
0.094472
0.0957443
0.0944015
0.096296
0.0922114
0.0944787
0.0948306
0.0960008
0.0930425
0.0933807
0.0916865
0.0929254
0.0918219
0.0927961
0.0904702
0.0885502
0.0909493
0.0936744
0.0901997
0.0904745
0.0908008
0.090445
0.0900736
0.0921181
0.0886509
0.0900128
0.0886828
0.0901083
0.0863808
0.0876736
0.087469
0.0897322
0.0888083
0.0871723
0.0873414
0.0863358
0.0879118
0.087
0.0849537
0.0896391
0.0864956
0.0861683
0.0818918
0.0841492
0.082384
0.0849207
0.0840278
0.0857475
0.0798344
0.0833683
0.0788527
0.0812266
0.0795675
0.0813277
0.082286
0.082176
0.0797562
0.0794459
0.0761472
0.0791737
0.0771086
0.0777397
0.0760262
0.0748394
0.0748665
0.071778
0.0778807
0.0773057
0.0723343
0.0730905
0.0745813
0.0697837
0.0753374
0.071555
0.0743573
0.0766395
0.0743187
0.0735412
0.0726117
0.0679401
0.0688445
0.0691806
0.0692911
0.0713996
0.0682246
0.067324
0.0703155
0.0700033
0.0651206
0.0683046
0.0686075
0.070398
0.0704481
0.0678878
0.0673878
0.0649171
0.0669273
0.0633574
0.0662232
0.0679907
0.0675922
0.0648227
0.0664823
0.0631328
0.0634288
0.0655807
0.0657597
0.0657412
0.0645657
0.0665917
0.0641563
0.060724
0.059993
0.061877
0.0602494
0.0604698
0.0655979
0.0615664
0.0639095
0.0654908
0.0556955
0.0648688
0.0619121
0.0620495
0.059932
0.0628395
0.0582228
0.0559625
0.0574186
0.0589819
0.0606957
0.0563112
0.0605063
0.0563408
0.0550588
0.0567365
0.0572188
0.0578189
0.0539789
0.0555951
0.0541561
0.0591654
0.0538604
0.0554717
0.0515244
0.0526031
0.0493135
0.0522405
0.0525687
0.0551641
0.0540076
0.049431
0.0528451
0.0507249
0.0509696
0.0520424
0.0506719
0.0528599
0.0511745
0.0503773
0.0520144
0.0553506
0.0472624
0.0523409
0.0505673
0.0495114
0.0490211
0.0506451
0.0512404
0.0494526
0.0484179
0.0480595
0.0505979
0.0517442
0.0454496
0.0481193
0.0460238
0.0483505
0.0490831
0.048144
0.0496545
0.0432547
0.0426031
0.046139
0.0466145
0.0456968
0.0414621
0.0479107
0.0461167
0.0448415
0.0457183
0.0433712
0.0434875
0.0441275
0.0427988
0.0434929
0.0389427
0.0386058
0.0377305
0.0402502
0.0421076
0.0378769
0.0389171
0.0379679
0.0384607
0.0392694
0.0374278
0.0364191
0.034829
0.0372474
0.0327721
0.0336992
0.0362814
0.0354603
0.0318112
0.0354779
0.0355826
0.0343375
0.029989
0.034302
0.0339214
0.0319728
0.0345237
0.0294596
0.0305165
0.0317455
0.0324765
0.0286001
0.0322701
0.0299482
0.0296023
0.0321729
0.0310899
0.0302386
0.0295409
0.0295275
0.0271533
0.0303272
0.0258177
0.0266036
0.0285078
0.0261797
0.0280855
0.0286359
0.0289196
0.0253484
0.0263868
0.0255097
0.0298431
0.0271755
0.0250644
0.0234248
0.0235413
0.0182981
0.0231266
0.0295993
0.0242643
0.0221517
0.0209471
0.0213333
0.0266011
0.0236675
0.0217942
0.0190656
0.0206562
0.023093
0.0230501
0.0200832
0.0237086
0.0209341
0.0218253
0.0212431
0.0226832
0.0211264
0.0186554
0.0178252
0.0141802
0.0199677
0.0152178
0.0158295
0.0189242
0.0122617
0.0129412
0.0146073
0.0196765
0.0164593
0.0114185
0.0172676
0.0125165
0.0150103
0.0123864
0.00804433
0.0134339
0.0108414
0.0136903
0.0127424
0.0108501
0.016298
0.0146165
0.0113932
0.0117788
0.0101358
0.00920444
0.00829374
0.0115959
0.00916828
0.00931647
0.00410538
0.00675829
0.00969738
0.00491921
0.00952795
0.00480608
0.00645802
0.00542941
0.00571416
0.00727956
0.00383459
0.00608748
0.00630754
0.00598658
-0.000717991
0.00322054
0.0032459
0.00469415
0.00255151
0.00387909
0.000923
0.0033308
0.00281772
0.00207127
-0.0015562
0.00142448
0.0001807
0.00571754
-0.00328551
0.00218271
0.000195116
4.48044e-05
0.000785723
0.000703426
0.0029061
0.00228621
-0.00257787
-0.00271526
-4.56616e-05
-0.000224406
0.0022073
-0.0013987
-0.00144743
-0.00224348
0.00139615
0.00241394
6.8336e-05
-0.000148442
-0.00010904
0.00258549
0.000967402
0.000692766
0.000628277
-0.00105773
0.00494321
0.000479101
-0.00178327
-0.000953984
-0.000136792
0.00249747
-0.000627407
0.000955574
0.00166842
0.00245628
-0.00292962
0.000560225
-0.000568775
0.000220932
0.00129944
-0.00202258
-0.000659233
0.000952518
0.00152211
0.001303
-0.00337305
0.000806852
0.00104861
0.000400482
-0.000509191
0.00240001
-0.000874801
0.00212502
-0.00595555
0.00206345
0.00176489
0.00315683
0.00274327
0.00240986
0.0029482
-0.00297938
-0.00189502
