0.12632
0.423095
0.378808
0.193789
0.154572
0.164736
0.219461
0.0905838
0.334991
0.208286
0.0197769
0.183876
0.369356
0.192679
0.0899544
0.325873
0.119645
0.234195
0.0158501
0.425567
0.0721114
0.153711
0.250681
0.385233
0.15688
0.317685
0.22299
0.201681
0.172818
0.288071
0.105148
0.0547005
0.242528
0.276017
0.134261
0.397919
0.260999
0.221507
0.332409
0.146954
-0.0317619
0.413678
0.217292
0.318972
0.215552
0.299049
0.181026
0.216635
0.299089
0.500443
0.138206
0.5397
0.437799
0.393206
0.551596
0.483239
0.485044
0.629165
0.817754
0.939518
0.983194
0.918837
1.06052
1.1042
1.15144
1.0474
1.20688
1.20783
1.19639
1.03752
1.29522
1.04881
1.57736
1.3144
1.2807
1.54043
1.41856
1.8385
1.87316
1.92738
1.72564
1.74187
1.80333
2.0046
1.99185
2.05398
1.95169
1.99782
2.20699
2.05763
2.22922
2.45674
2.4371
2.3923
2.62214
2.67269
2.51385
2.53447
2.76178
2.76081
2.89071
3.00027
2.78481
2.93304
2.91244
2.9462
2.77921
3.03204
3.02154
3.07123
3.07623
3.1746
3.31691
3.23053
3.13893
3.18318
3.53567
3.29632
3.44947
3.82891
3.76991
4.10221
3.78617
3.83553
3.81388
4.11612
4.0245
3.90817
4.08888
4.20923
4.07457
4.28794
4.38255
3.90434
4.57896
4.20659
4.48187
4.53746
4.54483
4.7083
4.30386
4.57208
4.65789
4.69017
4.94344
4.79816
4.79801
4.8872
4.98733
5.2137
5.00615
5.02181
5.00994
5.31137
5.25855
5.32292
5.42837
5.15362
5.42884
5.32877
5.37518
5.09091
5.12667
5.36702
5.18365
5.4494
5.24464
5.23042
5.25469
5.22688
5.04612
5.3028
5.03226
5.30401
5.1228
5.03917
5.21166
5.29744
5.35567
5.32948
5.08811
5.25028
5.31072
5.36765
5.12399
5.20423
5.42732
5.3963
5.37554
5.42849
5.37822
5.45748
5.51185
5.43597
5.51492
5.1704
5.63326
5.51093
5.35758
5.47644
5.36217
5.51106
5.71345
5.52068
5.38003
5.44968
5.49283
5.42015
5.21165
5.4784
5.35575
5.47183
5.52281
5.49045
5.52107
5.53541
5.17845
5.33293
5.54664
5.59941
5.59204
5.58519
5.54756
5.43604
5.48009
5.4471
5.57495
5.65276
5.79187
5.80582
5.72246
5.78002
5.81993
5.69786
5.83169
5.91944
5.76212
5.73289
5.52818
5.95544
5.55039
5.8143
5.85662
5.93076
5.86082
6.02725
6.00292
5.73032
5.95835
5.80118
5.98471
5.92951
5.9168
5.95032
5.81907
5.96795
5.99253
5.91184
5.98154
5.96017
5.94321
5.73995
6.00739
6.16014
6.14564
6.14463
6.26548
6.34583
6.07534
6.0216
6.19991
6.02499
6.38842
6.00898
6.01625
6.00317
6.16086
6.1716
6.2597
6.0958
6.27621
6.39887
6.19134
6.20206
6.03357
6.27449
6.19384
6.38459
6.03477
6.15209
6.23771
6.04445
6.124
6.22681
6.23474
6.26666
6.1033
6.4325
6.34869
6.41186
6.20567
6.42084
6.49451
6.37856
6.51622
6.29396
6.12906
6.27892
6.12364
6.52729
6.49844
6.32314
6.64705
6.56201
6.69247
6.69554
6.5368
6.58532
6.7268
6.61243
6.27878
6.69567
6.80025
6.37946
6.32782
6.54269
6.37316
6.3418
6.29262
6.30565
6.59442
6.53786
6.44317
6.82772
6.45319
6.56838
6.57523
6.4962
6.36113
6.55193
6.65519
6.7529
6.60281
6.63658
6.65618
6.57417
6.97489
6.58218
6.77008
6.58671
6.92476
6.8524
6.85953
6.68541
6.84136
6.90356
6.81398
6.92133
6.91089
6.79758
6.81801
6.73998
6.85655
7.03273
6.96052
7.06225
6.68098
6.81222
6.96673
6.76369
6.98258
6.84202
6.96658
6.90879
6.90242
6.81643
6.97749
7.08123
7.05734
6.90628
7.23538
7.14356
7.20126
7.03507
6.97558
7.05654
6.80909
7.02524
7.07068
6.9019
7.04278
7.07604
6.9653
7.29753
7.14002
7.3296
7.07401
7.19402
7.25921
7.05712
6.99082
7.41007
6.96253
7.07701
6.99466
7.15688
7.0732
7.30198
7.2813
7.18808
7.46472
7.41085
7.26673
7.17007
7.16385
7.36541
7.33345
7.25368
7.11274
7.35904
7.50073
7.27895
7.32052
7.25891
7.28286
7.40244
7.32334
7.31353
7.52661
7.54341
7.48578
7.5763
7.23342
7.45269
7.22025
7.16088
7.53578
7.08239
7.32994
7.5346
7.47186
7.3451
7.49838
7.20133
7.283
7.60727
7.6516
7.70483
7.7472
7.58473
7.85017
7.6375
7.73175
7.65965
7.49316
7.78779
7.69011
7.7631
7.62982
7.79849
7.70729
7.62952
7.50462
7.39748
7.47422
7.54585
7.49308
7.54772
7.63751
7.41734
7.59157
7.69583
7.49673
7.52453
7.38664
7.71931
7.79394
7.68304
7.58697
7.6682
7.43582
7.48597
7.67589
7.76889
7.84841
7.77067
7.63139
7.55886
7.70563
7.92814
7.84284
7.85263
8.0335
8.01201
7.99153
7.82293
7.76436
7.93805
7.91212
7.73849
7.77066
7.85288
7.82275
7.66743
7.68469
7.70372
7.66625
7.77908
7.80651
7.8967
7.95079
8.07611
7.92745
8.15879
8.06165
7.99443
8.03056
8.2314
8.08116
7.98742
8.2232
8.27584
8.36225
8.06011
8.13521
8.10675
8.20844
8.27371
8.1585
8.09277
8.35836
8.24708
8.16227
8.35079
8.17234
8.29879
8.27258
8.24679
8.3158
8.1822
8.28009
8.48226
7.97523
8.45146
8.40473
8.46615
8.37509
8.34928
8.23968
8.45744
8.4587
8.39585
8.50724
8.61605
8.54803
8.48572
8.46583
8.55817
8.49464
8.45402
8.55455
8.7612
8.72407
8.41011
8.81882
8.72705
8.46093
8.83602
8.66569
8.75457
8.77676
8.72559
8.88098
8.82888
8.74086
8.90084
8.7732
9.12564
9.27028
9.1135
9.06375
9.42136
9.12759
9.22574
9.14958
9.39305
9.41203
9.48252
9.29282
9.50072
9.42478
9.30758
9.51987
9.46558
9.37743
9.39834
9.33407
9.49049
9.58707
9.43397
9.51389
9.63253
9.48547
9.73806
9.70192
9.66438
9.86552
9.87761
9.7723
9.71636
9.91372
9.90323
9.94427
9.91215
9.83015
10.1736
9.65914
10.0658
9.94895
9.99677
9.82696
9.88642
10.0912
10.0946
10.3649
10.047
10.3341
10.02
10.3388
10.3108
10.5199
10.1438
10.3189
10.2046
10.3695
10.0905
10.2696
10.365
10.3829
10.3602
10.2997
10.3922
10.4323
10.4749
10.4126
10.6004
10.585
10.5304
10.4835
10.4808
10.7263
10.6099
10.8095
10.7044
10.5847
10.5976
10.5278
10.8046
10.7198
10.684
10.671
10.6433
10.9326
10.6591
10.9401
10.9696
10.8021
10.9855
11.1374
11.0063
11.0601
11.0139
11.1274
10.9722
10.9196
11.1572
10.9511
11.1943
11.0653
11.2601
11.0744
11.2847
11.373
11.0545
11.3454
11.2887
11.2702
11.2628
11.4498
11.2819
11.5771
11.4552
11.5017
11.7607
11.4739
11.595
11.7675
11.7159
11.7715
11.819
11.8196
11.7534
11.7768
11.769
11.8961
12.0086
11.9592
11.805
11.9953
11.9102
11.9012
11.7579
11.9487
12.0097
11.9831
12.0401
12.0176
12.2725
12.0812
12.0899
12.1829
12.1793
12.2854
12.0847
12.0772
12.0549
12.0859
12.1068
11.9628
11.9354
11.9338
12.0228
11.9683
11.71
11.6801
11.6563
11.5941
11.5243
11.7103
11.577
11.6368
11.6852
11.3859
11.4192
11.2496
11.437
11.1076
11.3248
11.1928
11.3804
11.0479
11.1189
11.1461
10.8709
11.0053
10.9513
10.9955
10.7502
10.9799
10.6958
10.5869
10.7829
10.6651
10.8935
10.6741
10.6652
10.6673
10.6317
10.6415
10.4697
10.4539
10.2906
10.3557
10.2566
10.31
10.0973
10.2732
10.3239
10.0739
10.0378
10.0776
10.0257
9.89938
9.92684
9.82573
9.8861
9.805
9.91385
9.84914
9.76265
9.63733
9.68164
9.63224
9.78694
9.52655
9.6189
9.69131
9.245
9.34151
9.30274
9.37224
9.15637
9.27755
9.14724
9.19294
9.08435
9.15873
9.26411
9.23721
9.2508
9.45345
9.18112
9.5336
9.34157
9.58225
9.47043
9.37284
9.79657
9.42403
9.61168
9.63121
9.84895
9.8904
9.89565
9.7691
9.88593
9.84457
9.96185
10.0567
10.0979
9.99223
10.3067
10.1644
10.1555
9.99229
10.2564
10.4021
10.3334
10.3766
10.3973
10.459
10.564
10.3643
10.5391
10.4197
10.3768
10.4338
10.4625
10.4671
10.435
10.4143
10.5814
10.6795
10.6647
10.6947
10.8676
10.6423
10.6656
10.851
10.8762
10.7405
11.0609
11.0511
11.0243
10.9395
11.1453
11.2625
11.1053
11.2635
11.1912
11.4495
11.4605
11.3015
11.1941
11.4466
11.527
11.3935
11.571
11.5881
11.4031
11.6466
11.5755
11.7033
11.4681
11.439
11.5827
11.7046
11.7908
11.8007
11.7972
11.887
11.9723
11.761
12.0672
11.9295
11.9909
12.145
12.1458
12.0021
12.181
12.2613
12.1831
12.4975
12.556
12.4413
12.6627
12.4406
12.4793
12.7506
12.9157
12.7196
12.8396
12.6828
13.0206
12.964
12.8523
12.9989
13.1504
13.0713
12.9508
13.0392
13.1349
13.2847
13.1879
13.2511
12.9937
13.1307
13.1244
13.236
13.2907
13.4451
13.2914
13.3948
13.4274
13.4556
13.4092
13.3968
13.7002
13.3951
13.5977
13.711
13.8545
13.9059
13.7757
13.8055
13.8822
13.7137
13.7768
13.8711
13.8923
13.8656
14.0777
14.3255
14.2592
14.4722
13.8871
14.4026
14.1599
14.4902
14.1442
14.5102
14.5811
14.7023
14.5822
14.6295
14.6921
14.6281
14.9246
14.7017
14.664
14.8882
14.9564
14.8269
14.9298
14.9174
14.9189
14.7751
15.0708
14.9466
15.2414
14.9053
15.0462
15.0315
14.9684
15.0526
15.047
15.1653
14.863
14.8686
14.8941
14.989
15.3472
15.1032
15.2409
15.0057
15.0633
15.0089
15.0707
15.1472
14.8663
14.8792
14.9456
15.2508
14.6879
15.2788
15.1006
15.1044
15.0958
15.12
14.8638
14.9841
15.1692
14.88
15.1332
15.0862
14.9624
15.1043
15.3061
15.048
15.2352
14.9677
15.0716
15.0226
15.298
15.1484
15.0681
15.0879
15.0289
14.938
15.0367
15.0504
14.9215
15.1524
14.8749
14.9999
15.132
14.817
15.0466
14.7305
15.1299
14.8952
15.2986
15.4198
14.8883
15.0756
15.1
15.0921
14.831
14.968
14.9201
15.2406
14.7945
15.1581
14.9707
15.1755
14.9496
15.0991
15.0033
15.0978
14.9304
14.9722
14.9435
15.09
15.2157
15.1446
14.9018
14.9724
15.3397
15.1733
14.9583
15.1651
15.0826
15.1161
15.1436
15.1592
15.0596
15.2833
15.0824
15.0058
14.8572
14.9173
15.1623
14.9843
14.9465
14.902
14.9226
15.1762
14.6845
15.0969
14.7162
15.0794
14.9086
15.1888
14.6173
15.0568
14.9879
14.8617
15.0929
15.0423
14.7918
15.0084
14.8474
14.9771
14.9441
15.0844
15.0139
15.0204
14.8982
15.1132
14.8578
14.9045
15.0206
15.0107
14.8823
15.129
14.8585
14.7844
15.0472
15.019
14.9674
15.1367
14.9765
15.1194
15.0246
15.0645
14.7858
14.7638
14.9529
14.9486
14.892
14.9312
15.0978
14.9735
15.0174
14.9269
14.998
14.8455
14.8576
15.112
15.0684
15.0763
15.0026
15.0021
14.8218
15.0123
15.2131
15.076
15.2524
15.0723
15.1038
14.9099
14.9729
15.0121
15.0267
15.1104
15.034
15.0945
14.8449
15.025
15.02
14.9523
15.0071
15.0162
14.8902
15.0911
14.9302
14.9495
15.033
15.0214
15.0564
15.0654
15.0599
14.947
15.0332
14.8666
15.0825
14.971
14.9683
15.0579
14.9626
14.9791
14.9665
14.8509
15.119
14.907
14.917
15.1333
14.8994
15.1572
15.074
14.9175
14.9895
14.9474
14.7404
14.9366
14.8267
14.9956
15.0193
15.0174
14.8017
15.0071
14.8418
14.9919
14.8427
14.8268
14.7832
14.7549
15.1024
14.9095
14.934
14.8899
14.9503
14.806
15.1019
14.8293
15.1378
14.885
14.8263
14.9303
14.9973
14.6914
14.8656
14.8818
14.8729
14.7574
14.8405
15.0019
15.1254
14.7852
14.8565
14.8504
14.6841
14.8859
14.8095
14.6323
15.1789
14.8254
15.066
14.3155
14.9951
14.759
14.8982
14.8419
14.8831
14.6576
15.1358
14.6532
14.6332
14.8079
14.7389
14.8544
14.7476
14.7814
14.7862
14.9514
14.8095
14.826
14.831
14.9518
14.7488
14.8411
14.6009
14.5568
14.9533
14.8998
14.702
14.9071
14.5359
14.9015
14.8804
15.059
14.7186
15.0345
14.5309
15.0001
14.755
14.972
14.5709
14.9122
14.7029
14.639
14.7098
14.8786
14.5111
14.8993
14.7189
14.8507
14.8848
14.7763
14.6806
14.5349
14.6796
14.8358
14.8264
14.7222
14.8184
14.8861
14.7446
14.6149
14.8207
15.0453
14.7585
14.5678
14.8595
14.7132
14.9854
14.7414
14.8433
14.8514
14.8547
14.8575
15.0167
14.7775
14.5897
14.7175
14.717
14.5851
14.8833
14.5551
14.6612
14.814
14.5859
14.8402
14.6537
14.8386
14.8031
14.5677
14.7482
14.6249
14.8307
14.5478
14.8172
14.516
14.8066
14.7965
14.7192
14.6191
14.701
14.7679
14.7465
14.7124
14.649
14.777
14.6369
14.8241
14.7192
14.6942
14.8945
14.6682
14.3779
15.0094
14.5671
14.7187
14.5395
14.8706
14.682
14.8814
14.5718
14.7062
14.674
14.8037
14.6597
14.6387
14.7232
14.7498
14.7617
14.8245
14.631
14.6755
14.4925
14.7767
14.7465
14.8073
14.6537
14.8309
14.6342
14.5679
14.7388
14.5733
14.5622
14.6946
14.1237
14.7813
14.65
14.9043
14.4209
14.7265
14.8142
14.4827
14.5825
14.8581
14.6112
14.4801
14.7363
14.4593
14.5353
14.6878
14.5612
14.5128
14.7424
14.6824
14.5045
14.4336
14.794
14.4766
14.6213
14.5551
14.6953
14.5497
14.8354
14.5919
14.8269
14.666
14.7905
14.7802
14.5797
14.7525
14.8113
14.7668
14.6774
14.8364
14.3406
14.6507
14.5371
14.5881
14.7808
14.5251
14.6829
14.5407
14.4804
14.5794
14.6353
14.5783
14.6612
14.7308
14.537
14.3496
14.4965
14.8086
14.1865
14.6711
14.5231
14.4084
14.4899
14.79
14.7171
14.5413
14.6792
14.6849
14.823
14.3914
14.5299
14.4856
14.7244
14.4321
14.5621
14.5671
14.6307
14.3196
14.6086
14.4744
14.6847
14.7338
14.5787
14.8166
14.6683
14.6553
14.7355
14.7275
14.6083
14.6755
14.6017
14.7888
14.6432
14.881
14.648
14.7231
14.6037
14.6793
14.6946
14.6103
14.7819
14.6993
14.7693
14.394
14.5385
14.6411
14.7264
14.3809
14.7887
14.3608
14.6743
14.2916
14.5686
14.454
14.8592
14.1589
14.6669
14.5821
14.7325
14.3052
14.6375
14.3508
14.7336
14.7191
14.1644
14.5111
14.4403
14.4811
14.5643
14.538
14.6213
14.0898
14.623
14.5578
14.5219
14.4386
14.5366
14.571
14.7113
14.7026
14.3431
14.5702
14.4404
14.4041
14.4852
14.5252
14.5969
14.5665
14.5644
14.6599
14.3461
14.6169
14.6123
14.711
14.2944
14.5339
14.4409
14.6395
14.3849
14.7828
14.5442
14.6193
14.3239
14.5038
14.1855
14.6223
14.6142
14.4428
14.5482
14.3849
14.6436
14.5254
14.5463
14.5821
14.5609
14.459
14.5729
14.502
14.4823
14.7427
14.4134
14.141
14.7042
14.1865
14.3375
14.6298
14.3823
14.3316
14.6514
14.4726
14.4201
14.4941
14.3826
14.4498
14.3859
14.2563
14.3245
14.3512
14.5335
14.3181
14.3501
14.3186
14.3832
14.4619
14.3956
14.3392
14.365
14.3269
14.6003
14.4401
14.5265
14.657
14.3112
14.6281
14.6019
14.4794
14.2974
14.56
14.5915
14.518
14.3699
14.43
14.4974
14.5984
14.486
14.7661
14.4846
14.6295
14.3604
14.4904
14.5185
14.402
14.5855
14.1495
14.4953
14.6661
14.5389
14.5183
14.4972
14.6144
14.6495
14.6384
14.5798
14.6202
14.7809
14.4831
14.7758
14.2831
14.8517
14.2416
14.601
14.2546
14.6823
14.4437
14.5235
14.5836
14.5268
14.5785
14.3199
14.4421
14.4636
14.5274
14.3524
14.2949
14.6219
14.4688
14.4885
14.4671
14.4534
14.4791
14.484
14.4114
14.5381
14.6756
14.3012
14.5331
14.3785
14.5126
14.2855
14.4007
14.4881
14.2995
14.5582
14.467
14.4399
14.3146
14.5817
14.6248
14.4695
14.2516
14.3957
14.2622
14.4727
14.3714
14.2834
14.6629
14.306
14.4944
14.4258
14.1884
14.4302
13.9564
14.3216
14.6159
14.5405
14.3497
14.2843
14.5415
14.1648
14.3809
14.598
14.6178
14.5055
14.3383
14.4685
14.3465
14.3331
14.3498
14.4549
14.486
14.5312
14.3256
14.446
14.3562
14.3871
14.3913
14.2868
14.4397
14.5096
14.1797
14.5164
14.2334
14.614
14.4037
14.4334
14.4552
14.4323
14.3867
13.9382
14.3199
14.3656
14.0757
14.3582
14.4781
14.2862
14.4193
14.3051
14.4588
14.4718
14.3641
14.165
14.1999
14.4841
14.3717
14.3493
14.5005
14.5885
14.1918
14.4333
14.2634
14.761
14.5941
14.5314
14.5929
14.5014
14.4649
14.5537
14.4609
14.6238
14.506
14.4776
14.597
14.2028
14.2194
14.2149
14.1783
14.4652
14.4166
14.4855
14.3666
14.282
14.1475
14.4202
14.3049
14.3651
14.2334
14.2047
14.269
14.3413
14.3974
14.2442
14.375
14.199
14.2067
14.3602
14.2799
14.2565
14.5146
14.4034
14.3376
14.1735
14.5117
14.439
14.4276
14.4052
14.5587
14.4517
14.3153
14.5235
14.3176
14.5019
14.1356
14.259
14.4347
14.3787
14.0385
14.326
14.2098
14.2417
14.3582
14.3776
14.439
14.2075
14.2496
14.437
14.1834
14.3957
14.1437
14.4864
14.1767
14.2515
14.2172
14.3214
14.2294
14.1051
14.0651
14.4784
14.2006
14.2247
14.1129
14.2173
14.136
14.1184
14.044
14.424
14.1519
14.1944
14.3142
14.3234
14.3484
14.4019
14.3794
14.0263
14.2443
14.2253
14.3264
14.0793
14.1397
14.1436
14.2098
14.1602
14.2659
14.3896
14.2245
14.371
14.0667
13.9147
14.1433
13.5855
14.0234
14.2081
14.1498
14.1745
14.0512
14.1812
13.8793
13.9531
14.2051
14.3082
14.1746
14.1373
14.1983
14.2024
14.1567
14.0308
14.2338
14.1152
14.0661
14.0213
14.1058
14.1819
14.1684
14.051
14.0099
13.9478
14.096
13.9682
14.103
13.9998
13.6996
13.9433
13.8917
13.7906
13.8737
13.6771
14.0001
13.5554
13.541
13.6203
13.7522
13.6397
13.5828
13.6371
13.4292
13.6159
13.7666
13.6078
13.5403
13.3397
13.037
13.4064
13.4685
13.4323
13.2907
13.2662
13.1373
13.2928
12.8783
13.1798
12.973
13.2626
13.301
13.2725
13.4124
13.6606
13.1778
13.2923
13.2034
13.1177
13.0702
13.2003
13.0383
13.091
13.0716
12.8986
12.967
12.9842
12.5776
13.0796
12.8681
12.738
12.9229
12.8077
12.5171
12.987
12.687
12.5263
12.658
12.5609
12.622
12.8299
12.758
12.6736
12.4325
12.6576
12.7772
12.3681
12.8394
12.2164
12.4056
12.3285
12.434
12.5147
12.3422
12.3909
12.451
12.3012
12.4048
12.2239
12.2635
12.2334
12.2824
12.3978
12.3406
12.0921
12.209
12.06
12.2021
11.9899
12.1278
12.0724
12.1393
12.0133
12.0102
11.9343
12.0024
11.9319
11.9646
11.5679
11.8703
11.6267
11.9113
11.8565
11.7495
11.704
11.872
11.7895
11.8062
11.8159
11.5556
11.582
11.8057
11.4574
11.6324
11.5952
11.6398
11.6307
11.6503
11.4893
11.4999
11.5405
11.3636
11.3294
11.2528
11.5519
11.3114
11.2931
11.5427
11.2886
11.3106
11.1321
11.3673
11.2015
11.0908
11.1714
10.988
11.2261
11.257
10.9276
10.9534
10.8836
10.9213
10.8197
10.7202
11.1405
10.7694
10.7558
10.7728
10.8252
10.7919
10.7906
10.7892
10.6053
10.7474
10.5927
10.6816
10.6202
10.5627
10.4862
10.352
10.3085
10.2366
10.5047
10.3301
10.3992
10.3095
10.4925
10.3531
10.2946
10.4965
10.209
10.4248
10.2804
10.0604
10.0536
10.2169
10.1175
10.1618
10.0482
10.3971
10.0667
10.2397
9.94695
10.2142
9.98568
10.2236
10.3113
9.91739
9.94446
10.0498
9.82678
9.9516
9.84222
9.99095
9.70865
9.87875
9.91129
9.82403
9.64886
9.69778
9.63358
9.66754
9.51744
9.81244
9.6334
9.56797
9.6924
9.36416
9.6154
9.53556
9.43659
9.40746
9.45485
9.55724
9.27606
9.59408
9.37301
9.04709
9.24634
9.32349
9.04554
9.03037
9.14362
9.14889
9.20288
9.17976
9.1823
9.3194
9.09028
9.04103
9.00631
9.07167
8.97836
9.13342
9.04224
8.99274
8.96702
8.82087
9.07714
8.8747
8.75297
8.74777
8.97755
8.71751
8.86591
8.89517
8.58007
8.63669
8.74847
8.44381
8.4757
8.45598
8.67258
8.50289
8.42615
8.39077
8.42529
8.43833
8.32446
8.3621
8.49855
8.19731
8.33698
8.3286
8.31066
8.17935
8.29543
8.34531
8.35639
8.03035
8.04278
8.22604
8.32091
7.86903
8.36135
8.21995
8.23735
8.23083
8.27623
8.07367
8.12234
7.95981
7.99302
8.01603
7.77438
8.13984
7.73919
8.0443
7.73391
7.76646
7.77609
7.68983
7.70971
7.55943
7.60374
7.6544
7.61333
7.65697
7.4968
7.4195
7.33913
7.4193
7.15813
7.2525
7.18692
7.23631
7.21801
7.0559
7.06907
7.03145
6.80148
6.94434
6.79143
6.92136
6.85898
6.84337
6.81195
6.63462
6.79454
6.62195
6.48161
6.53065
6.4864
6.51004
6.42188
6.31831
6.38339
6.29836
6.24338
6.0369
6.06997
6.14905
5.99246
5.58889
5.99416
5.64993
5.7109
5.68815
5.80761
5.63889
5.70494
5.67621
5.61228
5.60364
5.51393
5.45971
5.54024
5.27871
5.44319
5.21696
5.0079
5.14554
5.18013
5.09558
4.88667
4.96644
4.92642
5.06598
4.9641
5.16521
4.84549
4.84654
4.77965
4.5416
4.52337
4.59063
4.56854
4.2745
4.54795
4.46791
4.67888
4.62838
4.47965
4.58049
4.42228
4.54426
4.28155
4.37827
4.4306
4.19526
4.24079
3.96272
3.84417
4.23956
4.04866
3.94288
3.92623
3.91028
3.69724
3.69545
3.60858
3.668
3.59216
3.50416
3.3848
3.42135
3.18956
3.32546
3.21462
2.97247
2.9356
3.0846
2.8732
2.97323
2.85277
2.73612
2.63957
2.53564
2.48301
2.54892
2.45455
2.47012
2.52566
2.46064
2.4527
2.35214
2.35164
2.44055
2.1609
2.27399
2.2653
2.22688
2.11375
2.26338
2.22416
1.985
1.82757
1.72872
1.62991
1.99756
1.86877
2.01925
1.83381
1.88113
1.94079
1.85511
1.87975
1.82806
1.84348
1.68537
1.54044
1.7543
1.30839
1.31349
1.01787
1.19298
1.10044
1.37304
1.51318
1.34804
1.24825
1.30299
1.20035
1.04384
1.18575
1.23211
1.07922
0.829729
1.11608
0.852914
0.922521
0.861137
0.920894
0.785452
0.877302
0.879193
0.869185
0.787124
0.749857
0.616242
0.736429
0.672938
0.789694
0.810495
0.622755
0.553073
0.816465
0.533145
0.407584
0.0707829
0.555488
0.331952
0.346691
0.144788
0.362819
0.297979
0.222397
0.469531
0.222758
0.195341
0.286382
0.280331
0.209854
0.378828
0.0991204
0.276065
0.218139
0.0817592
0.250629
0.269361
0.0745326
0.0931115
0.242476
0.228918
0.22551
0.14761
0.195141
0.29509
0.238299
0.0483096
0.167973
0.0392495
-0.00121016
0.191982
0.208387
0.0725955
-0.0239809
0.233138
0.194928
0.180331
-0.0513211
0.347008
0.143014
-0.00896976
0.0712706
0.17755
0.200294
0.16469
0.0277251
0.144249
0.0637386
0.304862
0.372662
0.109459
-0.00113211
0.207753
0.118448
0.123553
0.0962948
0.0846433
0.0696214
0.201407
0.128241
0.199089
0.168001
0.115123
0.125831
0.109107
-0.0368903
-0.00946841
-0.01611
0.0289298
0.159173
-0.0520617
0.148844
0.101185
-0.103047
-0.00546874
0.101664
0.12353
0.0194598
0.109402
0.12276
0.0890044
-0.0293518
0.242856
0.0811926
0.238076
0.268163
0.130404
0.223416
0.0693617
0.115701
0.0716733
0.11008
0.332794
0.17548
0.212935
0.184806
0.23175
0.176004
0.269461
0.299859
0.168812
0.0123093
0.427631
0.383332
0.343837
0.508161
0.122832
0.449715
0.146503
-0.0255418
0.153221
0.27513
0.259596
0.419994
0.452712
0.359799
0.317457
0.226764
0.326594
0.515228
0.191384
0.323064
0.474787
0.332249
0.325397
0.25412
0.105834
0.268641
0.288178
0.430405
0.354877
0.502655
0.25678
0.207126
0.116703
0.357165
0.191194
0.3169
0.502882
0.228752
0.173275
0.212764
0.280796
0.121949
0.111269
0.377125
0.367336
0.282118
0.228983
0.312028
0.0478487
0.307
0.0819656
0.104966
0.356701
-0.0187445
0.20243
-0.0119526
0.189915
0.0234738
0.170586
0.366415
0.28118
0.210503
0.0362057
0.330584
0.0741865
0.298203
0.328762
0.20855
0.146276
0.097213
0.367298
0.295409
0.147489
0.00393557
0.209262
0.123494
0.393639
0.186545
0.416562
0.287055
0.147784
0.0980968
0.0942031
0.30519
0.14336
0.232466
0.185353
0.242505
0.131116
0.111327
0.200105
0.243164
0.158473
-0.00550582
0.273849
0.0241484
0.192939
0.216762
0.121505
0.148805
0.115844
0.118001
0.207786
0.232009
-0.0597608
-0.0293501
0.152535
0.273708
0.169234
0.129309
0.0576459
0.116549
-0.00178001
0.28449
0.242071
0.127776
0.0630061
0.0628565
0.276701
-0.0854508
0.105146
0.0594562
-0.0427942
0.174837
0.205565
0.0806695
0.151957
0.0317206
0.265128
0.276331
0.225643
0.191764
0.0705238
0.223142
0.155785
0.256935
0.16478
0.106865
0.150395
0.269536
0.257579
0.205142
0.385506
0.362516
0.228875
0.165867
0.463353
0.136308
0.14302
0.271304
0.322786
0.20762
0.0514676
0.273796
0.166423
0.352695
0.298538
0.231609
0.213746
0.274096
0.0782547
0.237398
0.269647
0.039094
0.120182
0.154639
0.172159
0.0825153
0.17387
0.0879274
0.200114
0.215007
0.186389
0.237562
0.0590938
0.188849
0.0420047
0.166059
0.21354
0.216236
-0.0264208
0.0360767
0.0893363
0.178064
0.213224
0.335293
0.218386
-0.0707139
0.0580948
0.208107
0.245731
0.111555
-0.046438
0.055113
0.0573564
0.285014
0.0809546
-0.0104311
0.00233645
0.0198498
-0.00721357
0.0705713
0.000761738
0.0412274
-0.0259429
-0.00896761
0.147616
0.173896
0.252759
-0.0692974
0.287118
0.246065
-0.0215293
0.303897
0.305953
0.0775063
0.0233666
0.172143
0.256816
0.0464019
0.34397
0.144396
0.318263
0.473564
0.263659
0.274548
0.0648343
0.199523
0.226174
-0.0630014
0.100844
0.141879
0.0511646
0.197645
0.260206
0.299336
-0.0621264
0.246885
0.232244
0.421337
0.259968
0.14136
0.306334
0.103183
0.181461
0.179976
0.146283
0.270013
0.120786
0.401747
0.198394
-0.00361095
0.213444
0.355214
0.324454
0.281165
0.241508
0.174864
0.197083
0.248644
0.206514
0.193837
0.292119
0.269982
0.182113
0.204736
0.00189816
0.238358
0.120071
0.293237
0.140744
0.247835
0.149483
0.05147
0.0503121
0.417912
0.265795
0.291956
0.202329
0.118917
0.329454
0.191608
0.33403
0.178654
0.190889
0.174285
0.15618
0.19461
0.0799049
0.268255
0.0663477
0.186068
0.295497
0.0941875
0.296323
0.333731
0.279797
0.266368
0.141709
0.313584
0.155298
0.140815
0.176651
0.381334
0.278043
0.268547
0.232029
0.178744
0.182065
0.316504
0.227531
0.191304
0.0657112
0.296273
0.146715
0.357842
0.1476
0.260945
0.0423021
0.234808
0.0966886
0.406282
0.239509
0.114488
0.221023
0.0557623
0.103412
0.102156
0.313116
0.305936
