-0.447618
-0.119513
-0.31791
0.221522
-0.533045
0.0162852
-0.324452
-0.232275
0.282323
0.0190102
0.215862
-0.532424
0.476447
-0.184907
0.0470836
-0.172091
-0.34425
-0.414069
0.616744
0.012438
0.0893591
0.122479
0.140753
-0.124429
0.25928
0.702204
-0.137443
-0.218838
0.0317953
0.305803
-0.0729125
0.109341
0.375643
-0.369278
-0.156135
0.261135
0.203336
0.142453
0.131144
0.0859752
-0.0636292
0.426917
-0.302737
0.896327
0.937311
-0.0406362
0.635579
-0.424363
0.0562446
-0.468161
-0.0919862
0.589952
-0.127569
-0.0182211
0.327281
-0.12954
-0.573055
-0.355012
0.0246355
0.565608
0.499623
0.340441
0.695088
0.219637
0.507331
0.0687838
0.377015
0.698555
0.448446
0.225806
0.491575
-0.375855
0.21933
-0.135172
-0.633671
0.357889
-0.52735
-0.0505732
0.396372
1.10529
0.400184
0.523745
0.713319
0.735165
0.621472
0.833835
0.462752
0.486123
0.506195
0.375587
0.219864
-0.228029
0.334709
-0.108505
0.898748
-0.0212166
1.08678
1.00314
0.636825
0.692985
0.501587
0.967956
0.506614
0.300931
0.430451
0.436825
0.552377
0.489455
0.097655
0.872468
0.486318
0.452126
1.18184
0.872133
0.0777192
0.697485
1.32216
0.413327
1.16335
1.33989
1.3843
1.6269
1.22703
2.13397
1.74308
1.53877
1.1199
0.901394
0.960632
1.76531
0.671816
1.3129
1.3637
0.768104
1.75101
1.29295
2.40621
1.23774
2.07076
2.00566
1.58012
2.21838
2.27229
2.04515
2.34347
2.10122
2.2248
2.43522
1.81567
2.02225
1.68059
1.57523
1.57917
1.79539
1.39965
1.67678
1.94512
1.90645
1.95281
1.09329
1.35923
1.03315
1.28933
1.72478
1.65266
2.35012
1.85535
2.0856
1.73137
2.10812
1.51713
2.51588
1.88969
2.35954
1.34305
2.09812
2.2859
2.21544
2.43148
2.1737
1.67575
2.50117
1.75449
2.17561
1.84272
1.95391
2.36635
2.26307
2.36576
2.40844
2.24208
2.40902
2.67942
2.75755
2.53325
1.80494
2.13135
2.81909
2.71398
2.69541
2.5216
2.64226
3.08538
2.62642
2.86405
3.05663
2.63496
3.11563
2.23154
3.20985
2.52785
2.96117
2.83507
2.59619
2.92244
2.88844
2.10675
3.19921
2.70226
2.85134
2.83751
3.08123
3.11427
2.58244
2.92467
3.01903
3.22044
3.22482
3.75617
3.13168
3.65648
3.34711
3.40928
3.33277
3.10842
2.93258
3.33786
3.09242
2.68447
4.10302
3.46572
3.65232
3.63327
3.29298
3.84329
3.36159
4.1425
3.527
4.54171
3.13962
3.62999
3.79558
3.09591
3.66408
3.06994
3.32611
4.04128
3.8069
3.76045
4.00462
4.04504
3.10165
3.73732
3.95556
4.02397
3.58508
4.04584
4.19908
3.72759
3.70032
3.69441
3.37223
3.91275
3.83444
3.83945
3.88869
3.85556
3.61048
4.07833
3.81318
3.8748
4.06499
4.09363
4.43529
4.04075
3.82237
4.21702
4.43471
3.80315
3.97823
4.39021
4.31992
4.82663
4.09092
4.63666
4.2357
4.46335
5.10945
4.82946
4.60918
4.28041
4.56938
4.53864
4.57636
5.04026
4.78909
4.03767
4.90091
3.92399
4.6623
4.91111
4.30137
4.67411
3.87998
4.5035
4.58053
4.15255
4.63263
5.00583
5.25711
4.38646
4.95867
5.55814
4.94455
4.98373
5.65327
5.75901
5.38766
5.30925
5.87385
5.24736
5.521
5.45884
5.67014
5.09946
6.25659
6.18575
5.64115
5.72195
5.19599
5.81603
5.15787
5.03324
5.20264
4.87714
5.23352
5.33014
5.28356
5.91679
5.42815
5.42146
5.28607
5.9129
5.44206
6.2434
6.39336
6.09396
6.03721
5.59545
5.86484
5.15949
5.51496
5.46062
5.99916
5.97994
6.1571
5.38298
5.7985
5.89932
5.63841
5.86676
5.52882
6.07258
5.64854
6.3655
5.57217
6.24801
5.75374
6.09782
5.66888
6.94869
6.20014
6.67783
6.09362
6.45439
6.2591
6.44967
5.90182
6.34616
5.7305
6.48768
6.27015
6.24131
6.16541
6.66138
6.28573
6.20844
6.45486
6.89466
6.3369
6.49786
7.08133
6.31662
7.22563
6.2112
7.28615
6.64823
6.6542
6.64445
7.08947
6.70901
6.84439
6.55362
6.88513
6.30617
6.48216
6.98164
6.58784
6.82561
6.67947
7.93859
6.87909
7.40009
6.72484
6.56179
6.63331
7.34884
6.90174
7.74664
7.342
7.04318
7.0736
7.64189
7.18095
7.35434
7.17239
8.14626
6.96122
7.53312
7.12792
7.42051
7.17079
6.85287
7.15384
7.14228
7.21638
7.85891
7.65205
7.46571
7.16767
7.70223
7.43584
8.13406
7.86596
7.78723
7.23761
7.51479
7.35996
7.40901
7.64934
7.34934
7.45266
7.58453
8.28122
7.74049
7.5693
8.08357
7.86182
8.0323
7.86753
7.56806
8.33162
7.99004
7.88314
7.45638
7.89609
8.67689
8.36858
7.83801
8.42657
8.3108
7.68082
8.46591
7.76005
8.01869
8.3287
7.47803
7.87171
7.29662
8.19493
7.40486
7.88953
7.62707
7.91135
7.83441
7.54319
7.89867
7.89411
8.25834
8.03432
8.08324
8.13327
7.87701
8.37839
8.23211
8.4633
7.50941
8.23396
8.26171
8.74137
7.95845
8.78198
8.65516
9.0327
8.73222
8.50632
9.13353
8.57925
8.70172
8.79689
8.94805
8.99081
9.25037
8.74793
8.70134
8.74606
9.07246
8.79079
9.18041
8.61413
9.38592
8.93486
8.85938
8.87639
8.8939
9.01519
9.14423
8.5258
8.82764
8.79456
9.09491
9.03533
8.20473
9.06935
8.87334
9.14497
9.00077
8.79088
8.37322
8.63376
8.65315
9.00362
8.44215
8.97796
8.5937
8.07513
8.4533
8.97766
8.31305
8.37742
8.59382
8.45372
8.35133
8.35729
8.78831
8.45547
8.31604
7.92516
8.43885
7.69299
8.60693
8.01301
8.18075
8.66277
7.84685
8.40602
8.27526
8.22586
8.22865
8.68468
8.06724
8.60058
8.63654
7.99419
8.17961
8.4784
8.86108
8.08896
8.4242
8.87925
8.24088
8.1827
8.28423
8.7644
7.99481
8.00287
7.9934
8.13101
8.03794
8.49437
7.61876
8.36473
7.67748
7.92686
7.85746
8.13671
8.11658
8.09528
8.45251
8.51242
8.13241
7.84451
8.43627
8.27521
7.88745
8.01542
7.7749
8.10466
7.69638
8.33634
7.7343
7.78699
7.75287
7.95732
8.16268
7.82393
7.892
7.45727
7.87989
7.42871
8.18975
7.79338
8.55177
7.73003
8.49022
7.23075
8.21481
8.03234
8.04553
8.21072
7.72737
7.90043
7.93299
7.97126
8.34776
8.00236
7.7143
8.32578
7.59665
7.78671
7.55798
8.00647
7.566
7.71903
7.57486
7.96288
7.68998
7.42437
7.33022
8.08136
7.38877
7.52033
7.6649
7.39644
7.61511
7.95873
7.39233
7.61914
7.77757
7.2837
7.63396
7.21047
7.78813
7.19436
7.42864
7.60522
7.08905
7.45871
7.01546
6.97265
7.23839
7.19247
7.28309
7.6122
7.50651
7.53421
7.7849
7.25704
7.47491
7.05144
7.26004
7.40396
7.41286
7.35213
7.26208
7.21977
7.02111
7.20999
7.35148
7.09714
7.2509
7.59221
7.12241
7.18639
7.61514
7.41152
7.33116
7.29066
7.40022
7.39455
7.24542
7.00267
7.25125
7.32595
7.02937
7.04004
7.14291
6.87895
7.28801
6.68545
7.12689
6.76162
6.64986
6.60598
6.66656
7.06136
7.00399
6.97476
7.25654
6.83386
7.34723
6.81629
7.17268
6.97998
6.82149
7.00431
7.43095
6.8525
7.22933
7.08636
7.40515
7.27569
6.8737
7.03209
7.13759
7.49438
7.25501
7.19586
7.31526
7.55181
7.53376
7.04862
7.15895
7.26684
7.34186
7.60073
7.62659
7.30905
7.65092
7.37401
7.36491
7.15016
7.16321
7.53565
7.51954
7.50851
7.54816
7.48953
7.62165
7.60337
7.42822
7.55195
7.49854
7.63633
7.72069
7.6526
7.5681
8.13504
7.52164
7.53792
7.47319
7.66547
7.96748
7.59291
7.59446
7.93202
7.81222
8.08786
8.37351
8.04969
8.09279
7.91188
8.22832
8.25826
7.77158
8.29172
8.24321
7.94612
8.14033
7.94634
7.82194
7.89062
7.85023
7.44004
7.94815
7.53076
7.89422
8.24021
7.9212
7.86218
8.36812
7.87866
8.52603
8.36866
8.14836
8.07689
7.9442
8.58242
8.06884
8.47839
8.22514
8.38009
8.43674
8.6904
8.14114
8.49562
8.59115
8.6815
8.63843
8.79068
8.44496
9.23883
8.63891
8.58384
8.81323
9.19829
9.19142
8.79957
8.98508
9.14389
9.35348
9.25467
9.0879
9.53338
8.89399
9.34852
9.10569
8.75256
8.92107
9.53796
8.97974
9.31725
9.33008
9.86961
9.49091
9.31717
9.68729
9.17507
9.77694
9.72078
9.49769
10.1681
9.74844
10.2588
9.6308
10.0746
10.3218
9.5239
10.1927
9.70319
10.1979
10.057
10.1719
9.76855
9.65038
10.0429
10.0392
10.0611
9.9313
10.0909
9.99284
10.356
10.3167
10.088
10.2347
9.87454
9.90968
10.4224
10.0256
10.309
10.2131
10.6641
10.2099
9.99377
10.6643
10.5076
10.5504
10.6269
10.1363
10.6602
10.1969
10.3865
10.9885
11.3297
10.9578
11.1543
10.8329
10.7663
11.2137
11.1206
11.0855
11.1318
10.5864
10.859
11.3016
11.1844
10.886
11.5627
11.1317
11.3295
11.6322
11.0884
11.4293
11.611
11.4308
11.3615
11.1324
11.2586
11.4209
11.4508
11.5494
11.96
11.8482
11.7731
11.3732
11.609
11.6103
11.7093
11.433
11.9551
11.5909
11.8332
11.7564
11.8383
11.7433
12.4082
11.6679
11.8262
11.7769
12.0197
12.2905
11.7416
12.0057
12.1486
12.4321
11.8904
12.7013
11.9384
12.6422
12.3763
12.6284
12.5927
12.4737
12.3158
12.1759
12.5089
12.355
12.4759
12.8996
12.4687
12.9669
12.855
12.4255
12.4667
12.8369
12.1716
12.6319
13.0673
13.0155
13.0086
12.5901
13.1295
12.8248
12.6924
12.7188
13.0868
13.0861
12.6767
12.9845
12.8073
12.8071
13.2896
12.5422
12.7047
12.8389
12.2831
12.3726
13.3431
12.8015
12.7944
12.3127
12.6583
12.8202
12.5032
12.9677
12.2164
12.604
12.0459
12.3915
12.2348
12.3245
12.8023
12.4052
12.3613
12.5176
12.1563
12.6149
12.8676
12.5649
12.5846
12.5135
12.1891
12.3972
12.4027
12.4011
12.7043
12.7129
12.3291
12.4035
12.1296
12.4577
12.4491
12.6794
12.0564
12.3418
12.6031
11.7725
11.9822
12.0366
12.3076
12.3202
12.2333
12.0995
12.4842
12.3576
12.348
12.0253
11.8318
12.5337
12.1954
12.189
11.9168
12.3666
12.3023
12.5597
11.964
12.2102
12.1101
12.1008
12.0161
11.8563
12.2167
11.7132
12.4886
12.4738
12.1135
11.9059
12.716
11.8983
11.664
12.1617
12.1702
11.9942
11.9375
12.2501
12.1695
12.4084
11.8858
12.0633
11.449
12.0289
12.01
11.7398
11.775
12.1453
11.535
12.2733
11.6517
12.0595
11.4782
12.1961
11.7488
12.1395
11.1714
11.7967
11.7708
11.629
11.9445
12.0287
11.7131
11.7865
11.3625
11.3547
11.9101
11.3349
11.6757
11.613
11.4949
11.9798
11.1751
11.295
11.3281
11.4136
11.3643
11.6288
11.2274
11.4155
11.2592
11.3856
11.3412
11.1986
11.246
11.3905
11.404
11.3613
10.9006
10.9827
11.5137
10.9449
10.8521
10.9555
11.5854
10.8266
10.8695
11.1219
10.7421
10.6349
11.1118
10.6627
10.5894
10.9879
10.8282
10.9629
10.8654
10.8158
11.1221
10.9871
11.1104
11.068
11.0198
10.7414
11.0353
10.691
10.8005
11.412
10.6859
10.8884
10.3152
10.4156
10.8842
10.5176
10.5358
11.0216
10.3008
10.4606
10.9214
10.4643
10.7422
10.3759
10.7207
10.7541
10.919
10.4835
10.5352
10.4767
10.3469
10.7591
10.3522
10.4201
10.902
10.1956
10.33
10.1399
10.7524
9.76761
10.2135
10.5697
10.3243
10.2638
10.1635
10.1538
10.6625
9.82527
9.50699
10.1974
9.82808
10.501
9.78897
10.6786
9.47463
10.5195
9.91293
10.0603
10.1498
9.88725
9.91641
9.77027
9.90823
10.0446
9.93177
9.67681
10.4249
9.84176
9.70854
9.58926
10.2858
9.79463
10.1835
9.66568
9.77899
9.96261
9.69939
9.80005
9.80495
9.68619
9.94511
10.0197
10.3042
9.69416
9.84889
9.69085
9.52645
10.0956
9.91355
9.67647
10.2029
9.05067
10.1065
9.15238
10.1377
9.14705
9.99608
9.95089
9.91038
9.9297
9.56647
9.37248
9.46532
9.87563
9.67069
10.0962
9.24969
9.67376
10.0703
10.0287
9.82076
9.44786
9.96205
9.91819
9.36337
9.71273
9.1296
9.7712
9.44437
9.5584
9.6993
9.70764
8.77267
9.32253
9.52894
10.2599
9.25383
9.87808
9.09102
9.46641
8.98177
9.67393
9.38182
9.40655
9.12498
9.77377
8.95233
9.84718
9.15975
9.91886
8.96715
9.78283
9.02019
9.25391
9.64182
8.86397
9.1402
8.78684
9.29886
8.71155
9.73251
8.83478
9.12592
8.87419
9.05627
8.59593
9.02887
8.14687
8.93461
9.21712
9.04912
8.69433
8.30086
8.66002
8.43401
8.30533
9.16916
9.18651
8.37441
9.07427
8.6969
8.29797
9.55382
8.36616
8.50427
9.18758
8.30827
9.36448
8.51947
9.29595
8.59313
8.92048
8.75085
8.74683
8.84231
8.25449
9.38571
8.37349
9.5575
8.74004
9.11543
8.55366
8.53938
8.73563
8.97521
8.88719
9.11821
8.89904
8.88883
8.97706
8.90044
8.98269
8.9052
9.14218
8.3404
9.09746
8.27438
8.768
8.32746
8.79535
8.95253
9.10804
8.17806
8.5014
8.31102
8.92839
8.62349
8.30064
8.77707
8.93831
9.00378
9.02337
8.39729
8.85479
8.69792
8.80619
7.89432
8.57074
8.25714
8.35261
8.42488
8.4092
8.20039
7.8449
8.01897
9.05188
8.20066
8.56242
8.04996
8.95312
8.31904
8.46774
8.00995
8.40286
7.77727
8.44376
7.37677
7.78914
8.68221
7.9551
8.42492
8.26453
8.1528
7.70245
8.36344
8.16358
8.23884
7.76225
8.51266
7.85572
8.58977
7.43481
8.27171
7.71368
8.17471
7.54583
8.43269
7.94331
8.14684
8.17386
7.82363
7.93606
8.19425
7.73979
7.85077
8.17572
8.08984
8.02644
7.49842
8.11565
7.66401
7.55563
7.99739
7.66643
7.29224
8.18092
7.90058
7.88146
7.85229
8.01802
7.23882
7.52756
7.82653
8.7023
7.46059
8.30305
8.15602
7.73119
7.33424
7.77565
7.54377
7.55776
8.16693
7.72285
8.15014
7.74433
7.75534
8.09798
7.80493
7.81153
8.39256
7.53524
8.38356
7.3988
8.25302
7.43543
7.84388
8.00928
7.45887
7.81957
7.42459
7.80878
7.27524
7.87385
8.07343
7.38058
7.86547
8.02272
7.87754
7.61192
7.12197
8.29961
7.18074
7.31512
7.17441
7.2959
7.58938
7.65427
7.47229
6.63488
7.00404
6.52446
7.4024
6.64693
7.16241
6.54379
7.0514
6.16483
6.78051
6.23599
7.6368
5.90683
7.17041
6.5495
7.61062
6.86615
7.21491
6.04789
6.96682
7.37081
5.52627
6.8889
6.53385
6.9834
6.60357
6.63711
7.35125
5.71584
7.11967
6.396
6.90097
6.72229
6.37297
6.71622
7.0634
6.55089
6.06381
6.33712
6.62521
6.24427
6.14589
6.19929
6.00534
6.85894
6.55556
6.41092
6.27503
5.94059
6.13391
6.87866
6.41014
6.29325
6.49806
6.68112
5.88436
6.40978
5.89559
6.54886
5.82093
6.3831
5.2295
6.95127
5.97643
5.74926
6.81138
6.34716
6.21556
6.32534
6.19829
6.00829
6.31605
5.85231
5.97264
5.77737
6.08625
6.62757
6.12988
5.62548
6.20104
5.40519
5.99312
6.08421
6.11675
5.91594
6.33303
6.33087
6.0127
6.62402
6.19486
6.59645
5.89663
6.00936
6.44001
5.68037
6.62481
5.90498
5.36757
6.16778
6.02679
5.82564
5.70318
6.1279
5.99451
5.81479
6.33656
5.63959
6.13946
6.12123
5.79623
5.69931
6.0402
5.94877
5.46853
5.73377
5.63709
5.93572
5.54772
5.57119
5.92104
5.84663
5.44385
6.36739
6.11666
5.95207
5.45578
5.02169
5.77877
5.30638
6.00564
5.57538
5.35167
6.01513
5.39463
4.94214
5.79929
5.68934
5.28933
5.32177
5.85491
5.46068
5.87931
5.27849
6.06642
5.54309
6.25774
4.5328
6.09007
4.62851
5.59943
5.02527
5.31627
5.02755
4.95562
5.25219
5.40006
4.5997
5.71834
5.35585
4.42191
5.06159
5.1963
5.12731
5.2998
5.36376
5.26958
4.1075
5.36312
4.60812
5.46002
4.71233
3.82152
4.31786
5.0292
3.93898
4.21366
3.93367
4.48209
3.77057
4.38885
4.31243
4.2473
4.35036
4.50573
4.23542
4.91501
3.48908
4.76502
4.18105
4.68461
4.57692
3.77469
4.88224
4.00545
5.3346
4.25433
4.2785
4.90792
3.67097
5.05075
4.2335
5.25345
4.29627
4.53147
4.40486
3.78999
4.45625
4.57648
5.00144
4.42563
4.29375
4.63166
3.9528
4.13464
4.7148
4.28584
4.29676
4.67778
4.17912
4.63193
4.16036
4.46516
4.50245
3.89042
4.44568
4.35981
4.36434
4.59449
4.73488
4.71857
4.80588
4.53533
4.62291
4.28878
4.8717
4.59521
4.40199
4.41358
3.83891
4.44526
4.37541
3.87639
5.13887
4.03779
4.72893
4.17727
4.45632
3.84492
3.95238
4.27078
4.37403
4.21014
4.48932
4.69513
3.61485
3.54138
3.85939
4.22902
3.75333
4.12187
4.08953
3.88761
4.23192
4.282
4.06495
3.98156
3.67355
4.08224
4.11186
3.31766
3.93928
2.59493
3.04417
3.37748
3.50483
3.55019
3.55881
2.95817
3.09929
3.4838
3.82616
3.37568
3.77648
2.89182
3.04553
3.07665
2.88065
3.68357
3.12322
2.95799
3.49166
3.34344
3.42217
3.63918
3.21851
2.96596
3.91844
2.91037
3.24917
3.22325
3.44223
2.59856
3.47924
3.45501
2.9031
3.55717
2.71732
3.26019
2.79075
3.03311
3.36173
2.95104
2.05033
3.34461
2.52083
3.00058
3.72891
3.09096
2.98549
3.13925
3.02567
2.84828
2.93444
3.33504
2.26059
3.39644
2.72892
3.11267
2.36347
2.6294
3.12789
2.57793
2.93809
3.2243
2.34851
2.87583
1.96135
3.22588
2.43207
2.45893
1.7838
2.78921
2.81599
2.74532
2.57096
2.81104
2.07863
2.34499
2.79019
1.42595
2.40136
2.61088
2.13112
1.547
2.19946
1.71931
1.9061
1.48754
2.12782
1.83849
1.57171
2.42613
2.03533
1.80005
2.65083
0.606622
1.94673
2.05564
2.16496
1.85772
1.75324
2.45886
1.34108
1.8539
2.24568
2.17012
1.82334
1.61134
2.19005
2.25243
1.89014
1.66786
1.65338
1.75793
1.5803
1.97309
1.86072
1.84
2.27247
2.09037
1.93829
2.05278
1.95932
1.92159
2.18759
2.29872
1.78488
2.23771
2.08051
2.10795
2.3591
2.28223
2.90481
1.73879
2.22611
3.03629
3.07512
2.6047
2.61854
2.38339
1.66721
2.38971
2.71863
3.39048
2.67705
3.44014
2.28995
2.802
2.37044
2.46834
2.76004
2.30088
2.25147
2.59266
1.4421
2.64309
1.85175
2.72971
2.82535
2.65185
2.89332
3.3139
2.4677
2.92123
2.43356
3.00598
2.44284
2.52794
2.43019
3.01853
2.42777
3.25408
2.98395
2.88159
2.129
2.4438
2.6793
1.78798
2.61964
2.40589
2.24602
3.01694
2.01317
2.13509
1.84723
1.95935
2.50138
1.95844
2.79584
2.17321
2.61316
3.02797
2.80469
3.12027
3.71329
1.66981
2.78824
2.83538
2.20119
2.91596
2.46625
2.18177
2.8064
2.68857
3.13455
2.79526
2.5806
2.78431
2.49117
2.50549
2.99105
2.3113
2.29241
2.77192
2.65332
2.8273
2.9045
2.3157
2.75885
2.3451
3.06741
2.14341
2.79088
2.54941
3.09192
2.54533
2.90044
2.39774
3.32393
2.93645
3.56639
3.09585
3.37798
3.25404
3.24081
2.88956
2.83692
2.63254
3.3283
2.63636
2.9781
3.08529
3.01257
2.99605
3.21098
2.52768
2.91109
3.44825
2.47548
2.79755
2.36413
2.83337
3.21607
2.56433
2.99001
2.54695
2.90772
2.48845
3.19941
3.39699
2.30142
3.38869
2.20028
3.42122
2.94774
3.2133
3.61779
3.15806
3.37859
3.94459
3.2363
3.18315
3.92438
3.80973
3.40136
3.87527
3.98399
3.59764
3.63985
3.43558
3.45297
3.49212
3.91347
3.19598
3.44292
4.18043
3.26526
3.69214
3.42361
3.99769
3.63138
4.12058
3.59846
4.13706
3.5658
3.60481
4.21284
3.62875
3.69604
4.08609
3.95164
3.25196
4.24052
3.30792
3.27213
3.18909
4.26267
3.44376
3.95938
3.80594
3.44897
3.6099
3.22325
3.46834
3.37589
3.78365
3.60309
3.75625
3.9192
3.33836
3.6912
3.83975
3.85934
4.15341
4.39711
3.82137
4.50025
4.11144
4.10622
4.17869
4.35011
4.18538
3.93651
4.04455
3.78076
4.42716
4.02827
4.1502
3.9059
4.29542
4.37098
4.13024
4.52942
3.63554
4.36908
4.39678
4.64636
4.1445
4.06843
4.58339
4.62324
4.78237
4.5463
4.66665
4.48738
5.22213
4.38516
5.17684
4.38005
4.21109
4.67182
4.75952
4.33015
4.42968
4.36766
4.36113
4.4754
4.09959
4.49158
4.28932
4.19442
4.08933
4.62126
4.29579
4.83389
4.30926
4.06617
4.49362
4.20512
4.79218
4.80776
4.83177
4.79467
5.1655
4.71142
5.11093
4.68442
4.66917
5.11436
5.0659
5.22738
5.01998
5.09385
4.84705
4.96139
5.13206
4.87417
4.7423
4.9383
5.15788
4.62118
5.35593
4.80233
5.01103
5.2307
5.2809
5.17946
5.12371
5.12149
5.49346
5.11337
4.84146
5.30783
5.19829
5.71299
4.93422
4.99337
5.39827
4.5109
5.21565
4.66527
4.64452
5.06644
5.03993
5.11894
4.88277
4.79588
4.8643
4.90293
4.35094
4.20529
4.81581
4.66323
4.68421
4.91996
4.52413
4.53308
4.91098
4.48365
4.6225
4.90094
4.31176
4.63435
4.9495
4.33637
4.74077
4.64806
4.58977
4.38881
4.08132
4.3422
4.1596
4.23565
4.66959
4.4005
4.52865
4.27307
4.38746
4.21229
4.28357
4.01354
3.90078
4.57287
3.80286
4.08467
4.21996
4.31817
4.54594
4.30521
4.31308
4.22659
3.99489
4.08569
3.81218
3.69975
3.96468
3.50428
3.91066
4.19437
3.72563
4.17065
3.68784
3.91924
3.70162
4.06924
3.84059
3.84178
3.57784
3.81087
3.72812
3.92574
3.82712
3.87295
3.76924
3.72015
4.08015
4.06662
3.95278
3.72975
3.56772
3.68168
3.65999
3.57254
3.34554
3.4628
3.7546
3.47765
3.82935
3.37897
3.48084
3.55009
3.25097
3.36586
3.54179
3.71502
3.73747
3.55552
3.66187
3.43047
3.40375
3.55211
3.29641
3.37181
3.55862
2.80865
2.98136
3.08522
2.57834
3.53935
3.48769
3.3306
3.27855
2.70618
2.70216
3.05229
2.99857
3.42936
3.10734
2.44278
2.65835
2.69048
2.44454
2.85626
2.9035
3.03726
2.75882
2.97361
3.02272
2.38436
2.70201
2.84833
2.83468
2.62285
2.92051
2.73564
2.61497
2.59552
2.8886
2.98077
2.5916
2.85851
2.65496
2.45927
2.80519
2.62926
2.46671
2.63614
2.45064
2.39466
1.89877
2.56114
1.86606
2.48408
2.27101
2.45343
2.47366
2.67253
2.27651
2.6986
2.35009
2.42008
2.50548
2.33706
2.50542
2.15134
2.21811
2.25593
2.69032
2.44063
2.59019
2.76017
2.30875
2.65717
2.59284
2.39133
2.29732
2.79173
2.69502
2.42342
2.55632
2.5705
2.30655
1.95875
2.67247
2.50076
2.2351
2.90946
2.16979
2.31696
2.33239
1.87898
1.97743
1.68748
2.01867
2.08033
1.81413
2.42031
1.58656
1.83158
2.40361
2.22182
2.03288
2.06611
1.89243
2.17492
2.15766
2.0159
2.09495
1.91034
1.93609
1.92536
2.04686
2.31187
2.1293
2.07723
2.19861
2.10486
2.28149
1.64877
1.84838
2.46194
1.86948
1.37323
2.04786
1.75197
1.75631
1.94263
2.03342
1.90584
2.03829
1.53443
1.87307
1.54215
1.51144
1.71642
1.58432
2.02939
2.14366
1.99971
1.83502
1.70196
1.88263
1.72043
1.86362
2.09818
2.09219
2.20195
1.65597
1.84404
1.50702
1.96269
2.07658
2.17362
1.52965
1.5975
1.9569
1.87079
2.02908
1.39077
1.57947
2.0648
1.93226
2.19591
1.74273
2.00875
1.54691
1.4907
1.56925
2.25144
1.81464
1.56224
1.54614
1.61026
2.05355
1.6899
1.66663
1.72436
1.43434
1.73773
1.06148
1.87724
1.33861
1.30721
1.81663
1.2926
1.79784
1.32235
1.18343
1.81378
1.32774
1.21552
1.1997
0.774047
1.37532
1.06871
1.5825
0.636456
1.4274
0.563359
1.00822
1.13831
0.746201
1.02297
0.807477
0.79608
0.915084
0.707145
0.637913
1.1057
1.34788
0.777079
0.815191
1.26643
1.05884
0.843185
0.418868
1.31455
0.983047
1.10949
1.07686
1.7245
1.15555
0.443685
0.439296
0.995738
1.1216
1.41225
0.939404
0.988872
1.21027
1.43825
0.98751
0.885807
1.0212
1.22522
0.860539
1.47264
1.16271
1.48928
1.5098
1.02209
1.86987
1.57272
1.5738
1.29819
1.31373
1.08635
1.46904
1.24986
0.966431
0.971455
1.45854
1.04065
1.22922
1.11429
1.80557
1.34074
1.7859
1.39472
1.39165
1.16467
1.62489
1.1765
1.32557
1.52189
0.908613
1.34316
1.52988
1.30096
1.38351
1.5457
1.22637
1.16339
1.54374
1.13911
1.17854
1.51961
1.08397
1.0755
1.00795
1.30512
0.672332
1.74295
1.32686
1.17281
1.274
1.30132
0.551609
0.920464
1.27564
1.20765
1.2198
0.870503
0.922286
0.817736
0.766815
1.18451
0.792031
0.754626
0.583844
0.936877
0.36976
1.11263
0.859836
0.591802
0.885074
0.685222
0.348077
0.841709
0.366144
0.704651
0.509245
0.600023
0.72538
0.526987
0.260555
0.235816
0.350457
0.551132
0.762568
0.0679219
0.527194
0.212534
0.408023
0.667572
0.674566
0.451118
0.123162
0.185265
0.482683
0.938555
0.537984
0.367393
1.06805
0.033353
0.888584
0.571188
0.577797
0.790036
0.838223
0.209108
0.592039
0.870917
0.821061
0.759134
0.755553
0.270468
0.835273
0.923318
0.0413924
0.799418
0.531087
0.792744
0.591794
0.355185
0.529459
0.555138
0.0982893
0.533849
0.117582
0.463847
0.45568
0.720236
0.187608
1.42526
0.28712
0.0382073
0.110831
0.505873
0.131377
0.590782
0.589586
0.32955
-0.0642657
0.114612
0.378744
-0.297418
0.251175
-0.0457106
0.0834469
0.312466
0.187149
0.14967
0.448269
0.715366
0.142841
0.3005
-0.17491
0.0656929
0.240274
0.00936671
0.283998
-0.0832727
0.831542
-0.017687
0.211067
-0.0145642
0.278186
0.25733
0.186899
0.461685
0.212553
0.380349
0.277168
0.411986
0.509557
0.333539
0.444216
-0.0334467
0.347355
0.404871
-0.269468
0.561562
0.235709
0.376045
0.150107
0.486163
0.537765
0.217948
0.518492
0.0708099
0.108398
-0.14821
0.126646
0.0787169
0.221671
0.198769
0.559608
0.441285
0.347263
0.321059
-0.574118
0.256968
0.0579129
-0.0658803
0.182563
-0.475695
-0.810002
0.159963
0.114662
-0.189049
-0.0854988
0.717715
-0.259147
0.243151
0.104251
0.326513
0.704719
0.0316589
0.280673
0.409227
-0.391754
0.372361
0.497638
0.522597
-0.396633
0.0654475
-0.108212
-0.168489
0.182459
0.288465
0.42755
-0.0813593
0.285609
-0.203769
0.2356
0.290203
0.709777
-0.287073
0.131494
0.0437697
-0.410588
0.0716962
0.295381
-0.555576
-0.382252
0.267461
0.142644
-0.203922
0.148712
0.0213682
-0.185841
-0.241579
0.00117994
-0.0869853
0.146583
-0.18279
0.0174076
0.21109
0.0779477
0.441117
0.215095
-0.27097
0.298178
-0.0233282
-0.145188
0.0883431
-0.209543
-0.134843
0.54436
-0.133536
0.10348
-0.0954958
0.225869
-0.157653
-0.265126
-0.169197
-0.232325
-0.177312
0.039611
-0.0415351
0.538371
-0.50342
0.295237
0.141968
-0.0612497
0.2246
-0.448975
-0.354422
0.358455
0.028776
0.181345
