0.0487358
0.207184
0.0445145
0.278265
-0.0254378
0.0928223
0.0376606
0.0499494
0.294648
0.137078
0.247258
-0.023072
0.269539
0.0639092
0.143206
0.0758264
0.0287858
0.0409488
0.348071
0.109989
0.0978397
0.168558
0.153241
0.0962721
0.270621
0.346786
0.0587168
-0.00120302
0.149508
0.242449
0.106907
0.176771
0.225641
-0.0239379
-0.012676
0.173365
0.22964
0.159776
0.184469
0.098305
0.0816317
0.275626
-0.00851882
0.486916
0.407147
0.120511
0.39073
0.0749471
0.194993
0.0246603
0.233299
0.398951
0.23458
0.242873
0.393118
0.270227
0.23015
0.252506
0.393427
0.590916
0.567469
0.548649
0.674037
0.590014
0.696448
0.528834
0.633714
0.75175
0.758597
0.718949
0.848452
0.617644
0.799134
0.677388
0.525106
0.891129
0.559466
0.761582
0.873558
1.17366
0.961207
1.11453
1.11884
1.19256
1.20761
1.20126
1.16659
1.19985
1.2147
1.192
1.17031
1.10604
1.20567
1.23691
1.62266
1.18409
1.62772
1.66546
1.56469
1.6078
1.59802
1.70023
1.68751
1.62509
1.7056
1.70812
1.71908
1.73383
1.66616
1.87587
1.78649
1.81979
2.04223
1.90739
1.74727
1.85964
2.12501
1.93761
2.12941
2.24108
2.23107
2.33919
2.23297
2.56847
2.54079
2.43002
2.27895
2.25139
2.28995
2.5204
2.21699
2.42715
2.5247
2.34321
2.73404
2.57372
2.97487
2.55316
2.8685
2.90548
2.69764
3.0237
2.98685
2.99601
3.09508
3.01983
3.05567
3.16192
3.03236
3.06096
3.03845
3.04877
3.02245
3.08558
2.90982
3.15843
3.10339
3.09038
3.24236
2.83697
2.96773
2.86584
2.9929
3.09864
3.06339
3.34735
3.11569
3.2185
3.07947
3.28289
3.065
3.3929
3.24197
3.4259
3.04385
3.24963
3.23588
3.28097
3.36709
3.30283
3.16255
3.38401
3.15796
3.27384
3.24528
3.32351
3.36376
3.32963
3.38502
3.38179
3.29175
3.43403
3.45752
3.52738
3.45191
3.18154
3.3322
3.5697
3.45407
3.47699
3.47158
3.51842
3.51835
3.46048
3.5734
3.57418
3.51368
3.62899
3.41084
3.6579
3.49258
3.64372
3.60639
3.48581
3.62616
3.58625
3.30936
3.73317
3.49515
3.55724
3.62946
3.63932
3.7482
3.50014
3.65759
3.67214
3.62265
3.77186
3.88461
3.68898
3.84085
3.72907
3.75383
3.75646
3.64981
3.64878
3.71676
3.78886
3.63764
4.10149
3.91845
3.91907
3.88371
3.78345
3.91951
3.80255
4.0449
3.87111
4.24691
3.7918
3.96449
3.98139
3.70982
3.83894
3.8304
3.8743
3.97906
4.00311
3.96019
4.07689
4.06489
3.76366
3.9996
3.98461
4.10913
3.93713
4.06767
4.09631
3.99427
3.98586
3.9346
3.82882
4.04434
4.05836
3.99997
3.9705
3.98637
4.04651
4.04025
4.05199
4.06465
4.0808
4.16508
4.36073
4.10877
4.06618
4.18119
4.32952
4.05178
4.10939
4.28421
4.23137
4.41791
4.12562
4.4023
4.20235
4.35146
4.49092
4.36769
4.30259
4.33688
4.30692
4.34085
4.2502
4.56753
4.35023
4.22567
4.54736
4.06303
4.35446
4.46284
4.21507
4.52902
4.09336
4.34643
4.36167
4.22025
4.34237
4.44978
4.62659
4.31223
4.52338
4.76234
4.5191
4.43814
4.6599
4.82651
4.59563
4.62756
4.86766
4.57727
4.68702
4.63747
4.83867
4.51164
5.04435
4.99039
4.76434
4.84933
4.65053
4.82322
4.56936
4.59147
4.6075
4.50552
4.6595
4.6235
4.68017
4.855
4.70238
4.65643
4.56585
4.86321
4.70602
5.08659
5.03226
4.89045
4.90289
4.74154
4.8656
4.54304
4.79289
4.69731
4.96587
4.90422
4.92074
4.74274
4.84462
4.87932
4.92034
4.80521
4.77332
4.9592
4.78235
5.05487
4.78047
5.00101
4.82341
4.92067
4.74138
5.22316
4.95762
5.12956
4.96886
5.11574
5.11958
5.07367
5.01702
5.04919
4.98378
5.16733
5.08153
5.06104
4.99865
5.13361
5.04597
5.03283
5.12547
5.31665
5.02996
5.1749
5.38983
5.11873
5.52296
5.08253
5.4627
5.10963
5.19993
5.15229
5.46104
5.24178
5.2832
5.11503
5.31682
5.09862
5.22894
5.25006
5.18918
5.34658
5.32246
5.70103
5.3576
5.51841
5.23578
5.25847
5.13712
5.62287
5.34864
5.55755
5.42838
5.32206
5.32386
5.6104
5.43344
5.52911
5.39492
5.8396
5.40191
5.52438
5.41328
5.54072
5.49071
5.33575
5.57421
5.53279
5.42589
5.62466
5.66063
5.46444
5.4326
5.69353
5.52443
5.80799
5.7521
5.73437
5.43866
5.5915
5.60679
5.57448
5.64399
5.53091
5.55108
5.61771
5.96186
5.70559
5.72239
5.80031
5.74425
5.77047
5.75996
5.56858
5.94947
5.8201
5.82339
5.62375
5.7349
5.99873
5.96609
5.74002
5.98468
6.04063
5.66942
6.02933
5.76829
5.77286
5.96282
5.58267
5.82453
5.60105
5.71237
5.53223
5.75447
5.61849
5.7314
5.739
5.65879
5.86283
5.75326
5.91643
5.77485
5.87149
5.86101
5.75276
6.0278
5.97415
6.02975
5.77088
5.99442
5.9387
6.02895
5.74901
6.08124
6.08722
6.21737
6.11692
6.05228
6.30697
6.02979
6.18713
6.28941
6.25997
6.16715
6.25459
6.16444
6.06259
6.1526
6.29737
6.11167
6.2687
6.08385
6.35836
6.18803
6.15897
6.18027
6.17979
6.20792
6.27741
6.05117
6.07292
6.08692
6.24343
6.24672
5.87962
6.23294
6.13032
6.3125
6.21434
6.1682
6.05069
6.04206
6.08153
6.17544
5.92386
6.21444
6.00128
5.80752
6.06554
6.20965
5.9507
5.98241
6.01863
5.9355
5.90772
6.07083
6.00757
5.92621
5.89689
5.7428
5.92711
5.665
6.05023
5.77893
5.78656
5.96247
5.68894
5.9034
5.86813
5.75331
5.75588
6.00655
5.74558
5.90811
5.93052
5.62547
5.84348
5.80893
6.04312
5.65273
5.95447
6.14517
5.82761
5.84947
5.84
6.10231
5.72719
5.74568
5.73794
5.7764
5.72098
5.9444
5.46199
5.84242
5.65215
5.64157
5.60245
5.69996
5.63631
5.67017
5.84424
5.88993
5.74675
5.62426
5.92311
5.86199
5.71573
5.76435
5.69584
5.71796
5.59769
5.89791
5.62514
5.68231
5.6701
5.72913
5.74425
5.59499
5.61453
5.55531
5.60597
5.43403
5.7308
5.56911
5.96659
5.58823
5.93063
5.43536
5.91385
5.65114
5.79211
5.71376
5.61241
5.66318
5.63395
5.69848
5.86178
5.70366
5.5614
5.89807
5.58398
5.63453
5.46874
5.70896
5.43246
5.50724
5.57475
5.65974
5.53619
5.44641
5.49939
5.70934
5.40413
5.53309
5.4964
5.51918
5.5146
5.62659
5.4757
5.57049
5.65064
5.44524
5.55117
5.41532
5.59265
5.29597
5.43077
5.53476
5.32914
5.40937
5.25863
5.13764
5.38767
5.34507
5.40122
5.65862
5.51996
5.49528
5.57145
5.39625
5.40179
5.21762
5.35183
5.49543
5.47371
5.3922
5.42609
5.34343
5.2832
5.32579
5.32441
5.24814
5.33227
5.50457
5.22596
5.32831
5.48715
5.39238
5.37155
5.37438
5.47154
5.40984
5.35814
5.25136
5.34504
5.41901
5.23635
5.25054
5.26356
5.12934
5.28611
5.07581
5.23657
5.10364
5.0288
5.1071
5.05055
5.3947
5.33168
5.36344
5.52799
5.35538
5.66079
5.37719
5.62093
5.54741
5.5299
5.59292
5.99447
5.59549
5.84062
5.76934
5.88227
5.89474
5.7304
5.85096
5.96812
6.15073
6.07241
5.99272
6.1603
6.22697
6.39548
6.17186
6.2304
6.33371
6.41608
6.48406
6.61339
6.42524
6.57064
6.6003
6.55845
6.41606
6.49488
6.70144
6.80186
6.77448
6.84761
6.83921
6.86711
6.94915
6.89402
7.07854
7.0168
7.19593
7.15901
7.23407
7.12514
7.46301
7.2527
7.3138
7.29864
7.46553
7.62845
7.50458
7.45489
7.62728
7.70547
7.70411
8.06226
7.83745
7.89984
7.87845
8.02601
8.06399
7.89092
8.2076
8.21492
8.05677
8.20024
8.11765
8.14223
8.1161
8.03534
7.88105
8.20909
7.9246
8.11531
8.23922
8.08969
8.14309
8.40742
8.23631
8.50759
8.323
8.1463
8.17443
8.15991
8.46396
8.25719
8.45951
8.39271
8.32143
8.31476
8.54734
8.29049
8.39578
8.4744
8.51399
8.43337
8.4842
8.38611
8.80873
8.47359
8.48151
8.66447
8.84846
8.74144
8.56913
8.63339
8.76789
8.8483
8.81189
8.66998
9.01703
8.57871
8.83482
8.70595
8.49999
8.55441
9.03238
8.67201
8.90371
8.88764
9.17363
8.97864
8.81355
8.91988
8.73968
8.95397
9.00301
8.87159
9.19456
8.98318
9.26811
8.97519
9.18834
9.27325
8.92339
9.256
8.96755
9.14766
9.0674
9.08306
9.1198
8.84059
9.10383
9.13958
9.07962
9.04665
9.21987
9.12483
9.29073
9.13657
9.08955
9.18477
8.88711
8.96124
9.28543
8.99679
9.21371
9.10588
9.33072
9.27109
8.95448
9.43246
9.29998
9.21467
9.30488
9.14424
9.29919
9.0929
9.2272
9.44287
9.51423
9.45273
9.45273
9.41331
9.41734
9.62303
9.53179
9.5596
9.43675
9.29898
9.29261
9.53907
9.5411
9.30875
9.64924
9.54974
9.57175
9.70505
9.47801
9.59891
9.78442
9.72671
9.61916
9.53402
9.70114
9.75195
9.70881
9.67263
9.93787
9.81755
9.8519
9.60773
9.71812
9.74864
9.75071
9.76024
9.9943
9.69634
9.80959
9.84605
9.82186
9.76659
10.1704
9.75602
9.89446
9.742
9.87318
10.0131
9.69494
9.93291
9.93035
9.97789
9.8285
10.1486
9.86365
10.1844
10.0451
10.1742
10.0189
9.98705
9.97757
9.90127
10.0603
9.9799
9.97974
10.2072
10.0789
10.2578
10.2247
9.87539
10.0332
10.2037
9.92751
10.1012
10.2407
10.2831
10.2463
10.0978
10.4224
10.171
10.0802
10.1038
10.3283
10.258
10.0716
10.21
10.1339
10.0848
10.294
9.86973
9.96944
10.0318
9.80671
9.7926
10.301
9.94167
9.97962
9.80645
9.92963
9.90736
9.83799
10.0023
9.66663
9.79371
9.51983
9.65869
9.65087
9.66409
9.82569
9.65518
9.56694
9.63371
9.47684
9.54697
9.69557
9.61547
9.60446
9.52389
9.3823
9.48397
9.47434
9.46423
9.61599
9.61963
9.39777
9.45204
9.32766
9.36566
9.44292
9.49026
9.21956
9.24039
9.40991
9.08686
9.07352
9.20948
9.24552
9.24847
9.11476
9.09222
9.3746
9.10537
9.12873
9.02135
8.95843
9.30806
9.05881
9.05271
8.98463
9.12947
9.13315
9.22975
8.91848
8.96041
8.95935
8.97784
8.90336
8.78862
8.93402
8.66397
8.96574
8.89696
8.87882
8.59825
9.14962
8.75312
8.53044
8.78222
8.80119
8.66936
8.68298
8.81985
8.776
8.8705
8.6225
8.65005
8.40332
8.68278
8.54668
8.48183
8.53484
8.7442
8.3466
8.66002
8.4328
8.46691
8.24138
8.54218
8.39095
8.49401
8.11442
8.36166
8.32108
8.3026
8.38851
8.44421
8.29646
8.18454
8.0986
7.8886
8.3937
8.03879
8.1751
8.13765
8.12169
8.21308
7.89285
7.9864
7.91994
7.95312
7.87187
8.07725
7.91321
8.06353
7.80788
7.90196
7.96772
7.82384
7.65584
7.77139
7.81936
7.82446
7.71202
7.71284
7.75423
7.601
7.52492
7.63905
7.85872
7.51189
7.47976
7.59438
7.47952
7.43963
7.53819
7.3498
7.27192
7.47186
7.41977
7.43296
7.30604
7.36216
7.33021
7.28929
7.37689
7.39827
7.31117
7.25233
7.20784
7.13118
7.16728
7.46093
7.08008
7.1947
6.96117
6.90394
7.23453
7.00743
7.02482
7.18413
6.9173
6.92053
7.11165
6.89692
7.06184
6.73519
6.9868
6.95757
6.97899
6.76044
6.84395
6.90134
6.74326
6.85877
6.74329
6.75727
6.99189
6.63055
6.61368
6.61059
6.81744
6.51093
6.63546
6.72225
6.55116
6.5047
6.51848
6.49455
6.72007
6.33685
6.23656
6.48179
6.29737
6.51443
6.23508
6.63666
6.11818
6.51072
6.22949
6.25561
6.29146
6.15625
6.14927
6.0483
5.96169
6.20157
6.10959
5.91668
6.25602
6.05534
5.92677
6.03903
6.22422
5.96708
6.14284
5.90271
5.88642
5.96465
5.87175
5.916
5.86676
5.8812
5.84895
5.86295
6.01325
5.86183
5.79914
5.76126
5.651
5.97312
5.82291
5.72396
5.86785
5.47843
5.85849
5.55011
5.83751
5.48774
5.71669
5.68546
5.71966
5.6547
5.40756
5.49897
5.44179
5.56651
5.48013
5.63164
5.43241
5.41475
5.40253
5.4376
5.47582
5.18911
5.42827
5.36516
5.18848
5.31782
5.12456
5.39031
5.16634
5.27022
5.34385
5.22422
4.92568
5.19266
5.14782
5.49905
4.97872
5.26372
5.00866
5.08484
4.98719
5.09243
5.02027
5.04118
4.86752
5.16961
4.80987
5.17118
4.99777
5.23722
4.76163
4.97591
4.67161
4.7113
4.90753
4.68249
4.69135
4.63457
4.76547
4.46731
4.9306
4.53719
4.61004
4.5474
4.55252
4.37488
4.52241
4.25563
4.49886
4.58825
4.2904
4.30426
4.22195
4.34224
4.18304
4.09307
4.32409
4.49164
4.1021
4.32594
4.2173
4.08779
4.51118
4.13088
4.04888
4.36507
4.06775
4.39208
4.02248
4.3232
4.08155
4.17921
4.08773
4.14106
4.16572
3.93621
4.23626
3.95051
4.34023
4.02783
4.13901
3.95056
3.82351
3.88899
4.02913
3.9587
4.10038
3.98586
3.83879
3.94399
3.83586
3.96086
3.93691
3.97516
3.77526
3.84502
3.5645
3.82015
3.67917
3.76132
3.83097
3.83127
3.47535
3.51711
3.56698
3.61229
3.6345
3.4565
3.49459
3.67228
3.64119
3.64412
3.41472
3.53004
3.49264
3.48464
3.22348
3.37848
3.35057
3.28213
3.39597
3.34856
3.18461
3.1279
3.15896
3.55441
3.3246
3.29497
3.10343
3.45027
3.18298
3.09484
2.91699
3.19014
2.85721
3.09927
2.82139
2.84432
3.08046
2.89181
3.04992
2.97352
2.91844
2.72573
2.90232
2.90459
2.82617
2.75481
2.92723
2.81817
3.06476
2.53662
2.85356
2.63359
2.7606
2.53741
2.85697
2.59177
2.52341
2.70159
2.55787
2.44698
2.61098
2.49673
2.46697
2.59007
2.5557
2.30547
2.34193
2.53007
2.31505
2.29415
2.33291
2.31745
2.17339
2.43504
2.29312
2.35883
2.28271
2.35023
2.07408
2.20106
2.29116
2.48631
2.22902
2.45118
2.3101
2.15917
2.05369
2.03771
2.04311
2.06836
2.18478
2.03153
2.13907
2.09456
1.98738
2.11206
1.90744
2.0009
2.24125
1.81942
2.19454
1.89971
2.15667
1.83137
1.91694
1.9528
1.78358
1.7968
1.73561
1.83693
1.61111
1.74803
1.83179
1.63161
1.78371
1.80963
1.76137
1.61429
1.47705
1.88581
1.4833
1.43898
1.36808
1.41993
1.47604
1.51912
1.36233
1.23586
1.35993
1.05151
1.33596
1.13139
1.24092
1.08069
1.18815
0.916054
1.02062
0.837032
1.26521
0.875136
1.03689
0.905024
1.291
1.0016
1.07408
0.786565
0.968416
0.993596
0.610642
0.924559
0.705777
0.953991
0.776008
0.757165
0.977228
0.62039
0.841635
0.602227
0.750323
0.766178
0.508313
0.624727
0.727185
0.521497
0.39221
0.436184
0.547171
0.407689
0.424906
0.360006
0.329673
0.53348
0.382493
0.34931
0.332099
0.209393
0.196361
0.480278
0.397441
0.14499
0.280163
0.328682
0.161891
0.196965
0.0505838
0.231438
0.109715
0.174821
-0.0576543
0.368562
0.0122284
-0.0161242
0.268066
0.131663
0.00451523
0.0350766
-0.02135
-0.0414
-0.0336697
-0.100432
-0.121049
-0.222099
-0.101524
0.050245
-0.112059
-0.197232
-0.144499
-0.233771
-0.116836
-0.30335
-0.18642
-0.191762
-0.189819
-0.282555
-0.31735
-0.142949
-0.222628
-0.25915
-0.383631
-0.410037
-0.242051
-0.544181
-0.238368
-0.409715
-0.662484
-0.299987
-0.493677
-0.53629
-0.59489
-0.563077
-0.507201
-0.629702
-0.545592
-0.746888
-0.594795
-0.617428
-0.650321
-1.04785
-0.671102
-0.644298
-0.764549
-0.808584
-0.821229
-0.81448
-0.862436
-0.901831
-0.766236
-0.920818
-1.01451
-0.778796
-0.832448
-0.909403
-1.05431
-1.18385
-0.976386
-1.11765
-0.974896
-0.93863
-1.21399
-1.10204
-1.22365
-1.36171
-1.06625
-1.10842
-1.29777
-1.31162
-1.11625
-1.2231
-1.2469
-1.30346
-1.23561
-1.27082
-1.23788
-1.56341
-1.0831
-1.44232
-1.39281
-1.47956
-1.36697
-1.54081
-1.56074
-1.51367
-1.48278
-1.74182
-1.40271
-1.57321
-1.85037
-1.56469
-1.69781
-1.66784
-1.64532
-1.62332
-1.63315
-2.01134
-1.68721
-1.9831
-1.75613
-1.94626
-2.09046
-2.08012
-1.84953
-2.24678
-2.00555
-2.18813
-2.04657
-2.27351
-2.13725
-2.17706
-2.17004
-2.16013
-2.12993
-2.36934
-2.12022
-2.42527
-2.06261
-2.27488
-2.2363
-2.15516
-2.39315
-2.1418
-2.3486
-2.06088
-2.35562
-2.3983
-2.22185
-2.52334
-2.18463
-2.55967
-2.20029
-2.43113
-2.44709
-2.51935
-2.66138
-2.52236
-2.60791
-2.44412
-2.62446
-2.62035
-2.55558
-2.70384
-2.69976
-2.53823
-2.68163
-2.74454
-2.6122
-2.66858
-2.70499
-2.82737
-2.73736
-2.72203
-2.94562
-2.79628
-2.83813
-2.81158
-2.85456
-2.69115
-2.91381
-2.76376
-2.8299
-2.86197
-2.9945
-2.79025
-2.88235
-2.98694
-2.98431
-3.07858
-3.04019
-3.10083
-3.18958
-2.92807
-3.14531
-3.09926
-3.24382
-3.14394
-3.25944
-3.26164
-3.26536
-3.23189
-3.23809
-3.24944
-3.18983
-3.44181
-3.56551
-3.45414
-3.49008
-3.60184
-3.48042
-3.4703
-3.56864
-3.46142
-3.63734
-3.60167
-3.68357
-3.70964
-3.5822
-3.66766
-3.71238
-3.57317
-4.03776
-3.88806
-3.85946
-3.85571
-3.81227
-3.8279
-3.95751
-3.8896
-3.85025
-3.74118
-3.91085
-3.76993
-4.01745
-4.0153
-4.06975
-4.18592
-3.96699
-4.09897
-4.15555
-4.00264
-4.18584
-4.1013
-4.11492
-4.18233
-4.27901
-3.98595
-4.2293
-4.26128
-4.24542
-4.26684
-4.43178
-4.19765
-4.28224
-4.3992
-4.41155
-4.5093
-4.45169
-4.54603
-4.52014
-4.42653
-4.52918
-4.6685
-4.41054
-4.63772
-4.55204
-4.38116
-4.50574
-4.74487
-4.59909
-4.60239
-4.67619
-4.65602
-4.5723
-4.71731
-4.54549
-4.70822
-4.64827
-4.93646
-4.85023
-4.66805
-4.87981
-4.81314
-4.84247
-4.97096
-4.80915
-5.00986
-4.79298
-4.98068
-5.03542
-5.12579
-4.99002
-5.0575
-4.98013
-5.07753
-5.07712
-5.22278
-5.22553
-5.18315
-5.36406
-5.23288
-5.26862
-5.31353
-5.44527
-5.21793
-5.41277
-5.37612
-5.50941
-5.40514
-5.6035
-5.57616
-5.38795
-5.46046
-5.50851
-5.36493
-5.71225
-5.46153
-5.63906
-5.57905
-5.6379
-5.67359
-5.52343
-5.69707
-5.61572
-5.62038
-5.62797
-5.78836
-5.85407
-5.72092
-5.82677
-5.84444
-5.85098
-5.84348
-5.8528
-5.85463
-5.7157
-5.73148
-5.73044
-5.57617
-5.67808
-5.66193
-5.63334
-5.67161
-5.55676
-5.42536
-5.37739
-5.40319
-5.38607
-5.36419
-5.3588
-5.29125
-5.34925
-5.20734
-5.26756
-5.09747
-4.962
-4.99253
-5.06784
-5.04159
-5.00453
-5.14701
-5.01232
-5.04145
-4.72341
-4.79539
-4.50848
-4.64746
-4.68885
-4.78155
-4.80292
-4.61915
-4.70995
-4.65288
-4.59439
-4.74115
-4.51699
-4.68605
-4.47722
-4.43449
-4.52385
-4.39954
-4.37942
-4.48335
-4.24903
-4.39916
-4.15105
-4.36881
-4.34167
-4.25628
-4.09463
-4.27143
-3.93937
-4.02166
-4.02609
-4.0163
-4.02763
-3.91424
-4.11232
-3.89566
-3.88977
-3.82692
-3.66498
-3.94055
-3.75537
-3.95546
-3.78958
-3.61793
-3.83347
-3.58451
-3.7159
-3.5346
-3.4806
-3.51044
-3.28607
-3.13609
-3.58323
-3.20643
-3.18098
-3.45431
-3.26731
-3.2065
-3.35488
-3.19934
-3.19823
-2.98962
-2.96348
-3.14967
-3.06939
-3.07202
-3.1248
-2.98584
-2.9894
-3.03213
-2.84014
-2.86785
-2.82116
-2.71985
-2.8819
-2.69401
-2.82632
-2.54874
-2.85884
-2.67964
-2.63475
-2.44012
-2.5648
-2.43196
-2.50707
-2.32602
-2.39637
-2.25713
-2.37152
-2.19612
-2.28013
-2.2468
-2.24566
-2.26204
-2.20862
-2.06134
-2.19728
-2.18034
-2.07094
-2.08207
-2.07524
-1.97613
-2.09687
-1.98549
-1.76711
-2.11786
-1.92323
-2.04131
-1.9577
-1.70158
-1.86017
-1.83613
-1.80886
-1.6598
-1.72494
-1.52548
-1.50425
-1.75843
-1.37857
-1.70915
-1.30562
-1.52289
-1.33881
-1.22598
-1.2952
-1.2634
-0.924962
-1.19237
-1.15766
-0.918986
-0.925951
-1.09363
-0.928576
-0.848989
-0.940661
-0.918063
-0.946167
-0.880558
-0.854063
-0.664195
-0.832041
-0.760344
-0.394877
-0.607075
-0.530679
-0.585869
-0.345162
-0.565097
-0.306122
-0.457224
-0.157826
-0.447882
-0.353673
-0.15753
-0.290627
-0.289928
-0.060298
-0.0727505
-0.306596
0.102757
-0.221692
-0.242157
-0.248829
0.138203
-0.0157819
0.126324
0.218528
-0.0129304
-0.0509175
-0.117328
0.0570018
0.00410118
0.216024
0.189943
0.284749
0.304047
0.190242
0.29499
0.483786
0.43629
0.468466
0.757636
0.565538
0.794422
0.609962
0.603683
0.756833
0.740251
0.728952
0.73139
0.780136
0.646695
0.949553
0.871071
0.960336
0.810796
0.989351
1.00857
1.0494
1.10998
0.842254
1.16818
1.091
1.34406
1.21951
1.161
1.46645
1.49318
1.49637
1.44754
1.54055
1.47044
1.92487
1.46306
1.87485
1.44887
1.4625
1.66627
1.75964
1.71724
1.82336
1.74535
1.78789
1.9346
1.73977
1.94555
1.77243
1.87631
1.85353
2.06752
2.04062
2.34442
2.14444
2.00189
2.34064
2.18182
2.34187
2.44872
2.51148
2.5224
2.6912
2.44286
2.77387
2.57365
2.55389
2.78672
2.7581
2.92837
2.83306
2.98924
2.94415
2.89855
2.9806
2.90148
2.787
2.99986
3.15444
2.94587
3.2239
3.00625
3.16658
3.31255
3.40155
3.34209
3.21267
3.30499
3.53463
3.29631
3.15529
3.4541
3.38761
3.55728
3.32967
3.34426
3.51565
3.11989
3.53929
3.15828
3.14294
3.53759
3.46811
3.52899
3.3717
3.33482
3.39923
3.45949
3.20815
3.1592
3.44014
3.3732
3.40543
3.46452
3.43766
3.42473
3.64782
3.36702
3.52789
3.73932
3.34369
3.53063
3.72118
3.39517
3.72964
3.67444
3.64751
3.53629
3.36061
3.53265
3.43522
3.58669
3.71954
3.68685
3.72193
3.71529
3.72113
3.57201
3.69095
3.68018
3.55882
3.95414
3.58968
3.62173
3.81914
3.83715
3.9536
3.86765
3.88234
3.96726
3.85724
3.88746
3.69238
3.69982
3.89213
3.61082
3.8856
4.02517
3.75797
4.06442
3.93273
4.0168
3.96328
4.19197
4.06786
4.05276
3.90849
3.97587
3.95946
4.01779
4.08722
4.11303
4.12794
4.14085
4.28818
4.3026
4.1543
4.15303
4.00272
4.0881
4.23095
4.11326
4.06175
4.02687
4.2548
4.19595
4.36547
4.18524
4.29203
4.18774
4.12492
4.2781
4.34658
4.51647
4.48578
4.41609
4.47006
4.38052
4.3842
4.52412
4.43035
4.40498
4.56204
4.22545
4.36399
4.39312
4.23226
4.66986
4.76522
4.67406
4.60492
4.40347
4.38212
4.63861
4.59868
4.88844
4.70286
4.43055
4.49333
4.46502
4.3705
4.59734
4.66075
4.67664
4.61567
4.71909
4.75169
4.46413
4.77485
4.70578
4.74935
4.64012
4.7689
4.68059
4.715
4.69322
4.8151
4.91657
4.83851
4.84682
4.7683
4.67046
4.82696
4.76332
4.7241
4.8218
4.70542
4.80238
4.56072
4.87808
4.6347
4.79845
4.80047
4.80798
4.86355
4.90586
4.79663
4.96816
4.84185
4.90009
4.91132
4.85053
4.93221
4.80372
4.83273
5.02735
5.18218
5.04759
5.12045
5.28244
4.98805
5.16592
5.13964
5.05784
5.07559
5.29739
5.24368
5.12851
5.22962
5.22931
5.16488
5.04467
5.31936
5.22887
5.13014
5.51812
5.16607
5.1602
5.16451
4.99318
5.1206
4.85621
5.18648
5.17837
5.10035
5.45131
5.02814
5.1318
5.37772
5.34179
5.13842
5.1771
5.08705
5.22087
5.08096
5.04041
5.14506
5.11933
5.04088
5.03578
5.00457
5.11308
4.99133
5.0166
4.99509
4.97851
5.151
4.80608
4.84328
5.16659
4.80408
4.62999
4.95516
4.7698
4.77332
4.79289
4.90927
4.80956
4.79667
4.63692
4.76181
4.54786
4.55944
4.68669
4.61365
4.76755
4.80535
4.71334
4.59705
4.60814
4.63828
4.63166
4.63343
4.68125
4.77991
4.7443
4.49774
4.61483
4.46263
4.57756
4.58438
4.65462
4.37772
4.46284
4.47098
4.52745
4.62318
4.25505
4.34651
4.60368
4.43001
4.59318
4.38503
4.52886
4.21321
4.23844
4.18616
4.5065
4.25497
4.21059
4.22786
4.23223
4.31045
4.21131
4.21505
4.21083
3.97276
4.19064
3.93387
4.22099
4.00167
4.01659
4.18027
3.94492
4.12818
3.91158
3.9718
4.03849
3.85433
3.90428
3.87266
3.56163
3.79505
3.77042
3.93577
3.5624
3.83157
3.45309
3.67696
3.75228
3.48774
3.65999
3.46933
3.57734
3.57553
3.44599
3.48057
3.54993
3.61444
3.44224
3.4022
3.69323
3.48775
3.39502
3.1492
3.62002
3.41605
3.37234
3.45389
3.68
3.39598
3.17802
3.26175
3.44511
3.44277
3.45048
3.27024
3.27718
3.35519
3.48033
3.22326
3.14527
3.24886
3.27286
3.1356
3.23492
3.21992
3.38711
3.39978
3.11943
3.4632
3.27397
3.34395
3.24951
3.20911
3.0897
3.2612
3.1022
2.99562
3.00566
3.18621
3.00376
3.12437
3.05437
3.22727
3.1344
3.17642
3.04211
3.06452
2.94647
3.13773
2.95975
3.01722
3.07742
2.8022
3.04454
3.06694
2.89087
2.95085
2.9434
2.82215
2.84401
2.94899
2.76415
2.81634
2.94844
2.73733
2.67595
2.65637
2.82481
2.49886
2.95874
2.77506
2.58873
2.70992
2.67204
2.4778
2.52689
2.69502
2.62265
2.60689
2.48266
2.51549
2.45282
2.34918
2.54024
2.41473
2.35337
2.25441
2.46493
2.21795
2.46226
2.38876
2.17058
2.35413
2.21665
2.13931
2.28785
2.13254
2.20785
2.15916
2.14411
2.30578
2.15699
1.94529
1.91421
1.97871
2.06084
2.08095
1.88042
1.97238
1.86239
1.97047
2.01141
2.07306
1.87917
1.78389
1.77243
1.96459
2.07388
1.94474
1.89787
2.0623
1.71089
1.94514
1.86447
1.84319
1.91475
1.85587
1.63996
1.85012
1.94361
1.85617
1.79271
1.80725
1.5526
1.82176
1.83188
1.48288
1.7365
1.64744
1.80696
1.68014
1.53308
1.65069
1.58898
1.46214
1.56785
1.45814
1.50633
1.53709
1.64115
1.41466
1.90495
1.34158
1.31741
1.30801
1.4722
1.34614
1.39902
1.5063
1.35813
1.23273
1.22384
1.30273
1.09016
1.22676
1.07595
1.14718
1.22358
1.11276
1.10063
1.18509
1.34449
1.03089
1.12417
0.917538
0.982558
1.06274
0.971187
1.04241
0.95771
1.26493
0.908225
0.968278
0.967609
0.974182
0.952494
0.964296
0.981892
0.90735
0.960753
0.876508
0.948279
1.01214
0.860125
0.903147
0.753562
0.93158
0.895408
0.623758
0.938324
0.851217
0.769334
0.805055
0.867602
0.871091
0.713038
0.793349
0.637059
0.681415
0.575846
0.639376
0.626307
0.632675
0.637987
0.7712
0.683562
0.622916
0.633112
0.337333
0.556335
0.507014
0.43029
0.577137
0.36962
0.122152
0.457517
0.422021
0.296691
0.287076
0.556835
0.317212
0.436236
0.443409
0.436388
0.510178
0.290377
0.447242
0.377903
0.11134
0.430539
0.423485
0.427971
0.0513199
0.232975
0.198524
0.123483
0.254913
0.275202
0.280084
0.173342
0.172858
0.111083
0.195608
0.231189
0.379596
0.0856713
0.18711
0.148083
0.0596752
0.256087
0.239428
-0.072724
0.0402679
0.260631
0.139882
0.0645491
0.215496
0.139891
0.0822621
0.0518142
0.139259
0.0859301
0.212258
0.081376
0.118448
0.212285
0.148684
0.308564
0.256207
0.0572026
0.230945
0.203981
0.0723695
0.168301
0.148671
0.10344
0.275152
0.0993246
0.171762
0.084068
0.285218
0.124055
0.0431791
0.122057
0.0674501
0.132175
0.170141
0.207414
0.317475
-0.0133934
0.229788
0.216773
0.116279
0.197733
-0.00655347
0.0081696
0.279842
0.130507
0.116284
