3.84201  16.1743  23.9031  0.851848  -1.84276  -1.36279  
-7.76764  15.5022  34.2346  1.04859  -1.77574  -1.07235  
-21.3692  -15.8765  -2.10935  1.66001  -0.356403  1.31813  
-27.6275  -21.1303  13.5712  1.65356  -0.320769  1.35508  
-8.32049  -18.1736  -15.4561  1.58041  -0.0301466  1.63475  
-18.6774  -16.991  -4.64471  1.64432  -0.274477  1.40218  
4.95673  -14.7807  48.9693  -0.199583  -1.79767  -2.41962  
-13.2182  16.4963  31.6698  1.19685  -1.69725  -0.819086  
-13.3434  -9.33927  -67.0271  -1.55949  1.14663  1.80361  
8.42556  2.69058  -56.9276  0.805642  -1.8294  -2.18322  
9.24443  3.5433  -54.7355  0.790073  -1.84781  -2.12211  
9.24443  3.5433  -54.7355  0.790073  -1.84781  -2.12211  
9.24443  3.5433  -54.7355  0.790073  -1.84781  -2.12211  
-16.0024  -17.5351  -60.723  -1.26344  1.53999  2.26432  
-17.6137  -18.0506  -62.7713  -1.33512  1.52856  2.24016  
-19.4521  -69.192  -498.997  -1.55111  -0.305999  2.56597  
-19.4521  -69.192  -498.997  -1.55111  -0.305999  2.56597  
-19.4521  -69.192  -498.997  -1.55111  -0.305999  2.56597  
-19.4521  -69.192  -498.997  -1.55111  -0.305999  2.56597  
-19.4521  -69.192  -498.997  -1.55111  -0.305999  2.56597  
-13.5168  -54.4003  -438.07  -1.66436  -0.6059  2.40216  
-13.5168  -54.4003  -438.07  -1.66436  -0.6059  2.40216  
-13.5168  -54.4003  -438.07  -1.66436  -0.6059  2.40216  
-21.1189  -54.7593  -580.035  -1.24297  -1.07293  2.13836  
-21.1189  -54.7593  -580.035  -1.24297  -1.07293  2.13836  
-21.1189  -54.7593  -580.035  -1.24297  -1.07293  2.13836  
-21.1189  -54.7593  -580.035  -1.24297  -1.07293  2.13836  
-21.1189  -54.7593  -580.035  -1.24297  -1.07293  2.13836  
-21.1189  -54.7593  -580.035  -1.24297  -1.07293  2.13836  
-21.1189  -54.7593  -580.035  -1.24297  -1.07293  2.13836  
8.50393  -35.4258  -390.92  -1.14295  -1.64484  2.29842  
8.50393  -35.4258  -390.92  -1.14295  -1.64484  2.29842  
-42.6169  27.6144  257.849  0.664476  -2.52316  1.74897  
-42.6169  27.6144  257.849  0.664476  -2.52316  1.74897  
-61.8753  46.9676  121.842  0.575509  -1.79306  0.844352  
-58.8627  43.2517  135.34  -0.376508  -1.23949  0.533253  
-70.79  53.3472  145.851  0.418437  -1.34889  0.440267  
16.8522  18.0639  48.7159  -1.17057  -0.929227  -0.231531  
16.8522  18.0639  48.7159  -1.17057  -0.929227  -0.231531  
16.8522  18.0639  48.7159  -1.17057  -0.929227  -0.231531  
16.8522  18.0639  48.7159  -1.17057  -0.929227  -0.231531  
16.8522  18.0639  48.7159  -1.17057  -0.929227  -0.231531  
16.8522  18.0639  48.7159  -1.17057  -0.929227  -0.231531  
96.6209  92.2563  384.96  -0.0757078  0.0135468  0.00453299  
89.8934  93.5429  388.543  0.0100102  0.103472  -0.00511279  
85.2085  93.3004  393.494  0.0153686  0.201173  -0.0313331  
91.4172  92.06  394.715  0.0388327  0.307886  -0.0466143  
91.4386  91.7994  394.117  0.0710995  0.348415  -0.0525856  
-6.52886  19.3533  116.83  1.2018  0.205701  0.187257  
-6.52886  19.3533  116.83  1.2018  0.205701  0.187257  
-6.52886  19.3533  116.83  1.2018  0.205701  0.187257  
-6.52886  19.3533  116.83  1.2018  0.205701  0.187257  
-6.52886  19.3533  116.83  1.2018  0.205701  0.187257  
-6.52886  19.3533  116.83  1.2018  0.205701  0.187257  
-7.33894  18.5936  117.508  1.22215  0.188296  0.201405  
-6.74239  18.7385  116.398  1.22422  0.197932  0.201644  
-6.74239  18.7385  116.398  1.22422  0.197932  0.201644  
-6.74239  18.7385  116.398  1.22422  0.197932  0.201644  
-6.74239  18.7385  116.398  1.22422  0.197932  0.201644  
-6.74239  18.7385  116.398  1.22422  0.197932  0.201644  
-6.74239  18.7385  116.398  1.22422  0.197932  0.201644  
-6.74239  18.7385  116.398  1.22422  0.197932  0.201644  
-6.74239  18.7385  116.398  1.22422  0.197932  0.201644  
-6.74239  18.7385  116.398  1.22422  0.197932  0.201644  
-4.87403  12.9768  114.405  1.32847  0.133124  0.141966  
-4.87403  12.9768  114.405  1.32847  0.133124  0.141966  
-4.87403  12.9768  114.405  1.32847  0.133124  0.141966  
-4.87403  12.9768  114.405  1.32847  0.133124  0.141966  
-9.00917  18.5048  120.222  1.21885  0.176423  0.211644  
-9.20692  18.7491  120.442  1.21518  0.181593  0.215069  
-9.20692  18.7491  120.442  1.21518  0.181593  0.215069  
-9.20692  18.7491  120.442  1.21518  0.181593  0.215069  
102.779  103.087  437.013  0.0917764  0.100974  0.0650873  
102.866  103.297  437.003  0.0627937  0.102152  0.0686213  
102.887  103.333  437.012  0.0574486  0.10336  0.0692075  
36.1639  94.2804  458.22  0.0392307  0.118417  0.0735711  
35.3765  91.1143  456.044  0.0316926  0.133406  0.0799534  
29.8961  88.2146  451.231  0.0277674  0.126209  0.0813354  
30.034  87.2375  449.611  0.0265111  0.141376  0.0772497  
34.7511  85.1042  445.352  0.0258843  0.166491  0.0769782  
38.7948  88.7346  446.727  0.0294622  0.182161  0.0768214  
42.3445  92.429  448.612  -0.0023591  0.210516  0.0809847  
44.4306  100.443  449.074  -0.0253556  0.184056  0.0771366  
41.3915  102.764  444.646  -0.0568918  0.160899  0.0749918  
36.3607  107.55  439.031  -0.0770504  0.133708  0.0558891  
33.4851  109.589  436.391  -0.0831492  0.110054  0.0472155  
32.6236  108.931  434.717  -0.0951876  0.0905612  0.0500975  
32.4676  107.425  433.949  -0.104659  0.0863821  0.0564703  
32.4612  102.663  430.176  -0.111569  0.0740655  0.0647865  
32.7068  96.7241  425.075  -0.116183  0.0725881  0.0725469  
33.1451  94.1836  423.533  -0.114837  0.0656814  0.0828574  
33.631  89.6592  421.34  -0.109676  0.0664588  0.0891426  
34.065  88.0475  421.778  -0.102752  0.0648606  0.0915229  
35.9178  85.6369  421.811  -0.0939795  0.0714068  0.073201  
38.6985  83.9345  423.026  -0.0745719  0.0806614  0.0482436  
39.7598  82.7112  423.424  -0.0587524  0.0826985  0.0374499  
41.7589  77.6385  424.056  -0.0465916  0.0798595  0.013739  
42.9166  74.3369  425.867  -0.0248877  0.0769622  0.00706795  
43.8969  67.1637  427.919  -0.0100543  0.0747424  0.0104432  
44.1626  63.7186  428.467  0.00334428  0.0836786  0.0104419  
43.6425  58.6075  428.653  0.00699946  0.0844282  0.0356117  
42.3811  57.7878  430.306  0.00480143  0.074357  0.042763  
39.6676  58.9685  430.472  0.00285167  0.0738918  0.0274218  
38.1215  59.3794  434.287  0.000808205  0.0770498  0.0272357  
37.5029  58.8022  435.792  -0.00930677  0.0792931  0.0317436  
36.1691  58.1106  436.948  -0.0172765  0.0747693  0.0362098  
35.445  58.0917  436.973  -0.0257834  0.0719213  0.0358104  
34.9496  57.2312  436.232  -0.028276  0.0716398  0.0347504  
35.239  56.2121  435.568  -0.0334005  0.0674424  0.035037  
36.011  54.3711  432.848  -0.0362595  0.0647996  0.0374917  
36.4584  53.6138  431.545  -0.0399936  0.0663356  0.0360168  
37.8601  52.3789  428.952  -0.0369039  0.0674203  0.0359526  
38.9256  51.7336  427.845  -0.0313025  0.0688158  0.0349044  
39.1575  51.7605  426.488  -0.0326224  0.0624222  0.0326792  
39.7282  52.2257  426.351  -0.0217637  0.0586279  0.0293217  
39.7301  52.4567  426.315  -0.0197525  0.0561622  0.029222  
39.6148  52.8723  427.929  -0.0217208  0.0579948  0.0273466  
39.3771  52.9432  429.022  -0.0195519  0.0624627  0.0272535  
39.0927  52.9481  428.76  -0.0181069  0.064121  0.0278347  
39.0106  52.9431  429.423  -0.0160685  0.0619892  0.0266811  
38.9642  52.609  430.643  -0.0188583  0.0633289  0.026086  
39.2316  51.9208  430.898  -0.0105151  0.0651138  0.0272199  
39.4629  51.9731  432.229  -0.00318934  0.069767  0.0257263  
39.2831  52.587  432.314  -0.00612828  0.0713041  0.0245939  
38.9225  53.1935  431.943  -0.00557167  0.0670437  0.0239354  
37.9095  54.6644  431.322  -0.00458165  0.0647384  0.0232654  
36.3403  56.422  429.042  -0.00209405  0.0628183  0.0204573  
35.6538  57.1224  427.284  -0.000641171  0.062862  0.0175376  
33.7278  57.725  421.72  0.0040811  0.0599616  0.0171966  
32.9476  57.6227  418.568  0.00253796  0.055379  0.0181317  
31.8228  57.5993  413.665  0.00638623  0.0540183  0.0151874  
31.0386  57.5105  409.921  0.00548687  0.0487959  0.018041  
29.758  57.9201  402.27  0.00252501  0.0450765  0.0150282  
28.7892  58.6544  399.125  -0.000940451  0.0444604  0.013811  
27.2644  59.5596  390.677  -0.00136415  0.0440025  0.00807245  
26.5364  59.7939  385.896  0.00284962  0.0407488  0.00699392  
24.8965  60.2019  377.588  0.00417424  0.0336864  0.00643936  
23.1834  60.5905  369.109  0.0061713  0.0239036  0.00391162  
22.6267  60.4986  365.576  0.00643561  0.013376  0.00117764  
22.3489  59.665  358.74  0.00776895  0.010655  0.000507937  
22.4681  59.0207  355.021  0.0124631  0.00829037  -0.00124571  
22.5931  57.3817  348.89  0.0117373  0.0093934  0.000381077  
22.7103  56.3204  345.874  0.0138435  0.0095395  0.000304398  
22.6891  54.7832  339.947  0.0220696  0.00663706  -0.000971327  
22.5773  54.0783  337.002  0.0204236  0.00478382  0.000757109  
22.4724  53.0092  330.239  0.0169656  -0.007652  0.00115846  
21.9649  52.2002  323.844  0.0204067  -0.0127763  0.000554193  
21.7284  51.734  321.542  0.025276  -0.0240699  -0.000178801  
21.3654  51.0107  316.945  0.03427  -0.0263175  -0.00361478  
21.2556  50.6662  315.319  0.0471039  -0.0362224  -0.00474754  
21.5072  49.254  313.709  0.0527018  -0.0281842  -0.00744771  
21.8742  48.3563  313.025  0.0599655  -0.0221689  -0.00719683  
22.6366  46.8596  312.889  0.0567705  -0.0203886  -0.00431393  
23.12  46.3887  313.245  0.0636774  -0.016773  -0.00600293  
23.9903  45.9397  313.781  0.0573138  -0.0259131  -0.00488402  
24.5895  45.9132  315.306  0.0597106  -0.0259836  -0.00454593  
24.8014  46.0667  316.424  0.0566355  -0.0251285  -0.00347124  
24.8834  46.8286  318.564  0.0641427  -0.0252798  -0.00551592  
24.6567  47.3982  319.574  0.0641427  -0.0252798  -0.00551592  
24.0638  48.6423  321.114  0.0631734  -0.0244517  -0.00792355  
23.2916  49.9043  321.481  0.0547778  -0.0368063  -0.00643828  
23.0275  50.6736  322.625  0.0601027  -0.0354745  -0.00780836  
22.6037  51.6135  323.098  0.0591517  -0.0472097  -0.0073788  
21.5725  53.8491  326.211  0.0530885  -0.0459668  -0.0096604  
20.493  57.0881  329.488  0.047463  -0.0474774  -0.0150646  
20.1873  58.4736  331.884  0.0533506  -0.0380583  -0.0186249  
19.3676  60.6158  336.536  0.0547256  -0.0370635  -0.0208096  
19.0374  61.4425  339.201  0.0569717  -0.0373801  -0.022776  
18.4085  62.4761  343.436  0.0569717  -0.0373801  -0.022776  
17.701  63.3032  347.849  0.059701  -0.0274505  -0.0233392  
17.4105  63.6029  349.088  0.0505446  -0.0285081  -0.0240292  
16.6184  64.5062  353.025  0.0403899  -0.0344934  -0.0261184  
16.3279  64.8363  355.187  0.0438627  -0.0257026  -0.0256386  
16.1412  65.1877  359.903  0.0467666  -0.0176312  -0.0248163  
16.0817  65.4843  362.807  0.0498707  -0.0224414  -0.0251436  
16.1217  65.9871  367.332  0.0431703  -0.0130893  -0.0265859  
16.1378  66.2627  370.282  0.0358039  -0.0131687  -0.0264512  
15.6255  66.6904  375.254  0.0458179  -0.0174208  -0.027733  
15.1481  67.0942  381.153  0.0492152  -0.0054529  -0.0287894  
14.9427  67.3491  384.055  0.0518346  -0.00623537  -0.0297206  
14.5698  68.0248  390.401  0.0499545  0.00377106  -0.0324732  
14.3765  68.7474  392.573  0.0374166  -0.00109855  -0.0351856  
13.9983  70.6074  400.161  0.0386089  0.00429696  -0.0389704  
14.0678  71.3171  403.902  0.0416775  0.00903015  -0.0429339  
14.5121  72.1875  411.692  0.0480278  0.0129533  -0.0459541  
14.8656  72.4343  414.823  0.0465543  0.02873  -0.0457761  
15.5661  72.9042  422.919  0.0420607  0.0316037  -0.0503637  
16.3274  72.6456  432.661  0.0455013  0.0308598  -0.0509347  
16.7966  72.1994  436.833  0.0427486  0.032205  -0.0507058  
17.149  71.9187  445.023  0.04979  0.0401169  -0.0499134  
17.068  71.9491  448.621  0.0402374  0.0428991  -0.0535095  
17.1535  71.3374  455.464  0.050103  0.0500608  -0.0545855  
16.4258  71.632  461.059  0.0257872  0.0310788  -0.0538054  
15.1125  71.8134  463.185  0.0175537  0.0234377  -0.0588445  
13.237  72.0063  466.257  0.00610374  0.0330067  -0.0607907  
9.91881  72.8389  469.383  -0.0171874  0.0397723  -0.0760228  
7.8102  73.7365  473.473  -0.0142698  0.0401747  -0.0914295  
7.56685  73.6022  473.825  -0.0135034  0.0433682  -0.0943045  
7.6703  72.4852  475.199  -0.00933328  0.0529305  -0.095293  
7.3219  71.5115  476.312  -0.00398602  0.0551599  -0.0948006  
5.81794  69.0604  478.939  0.00965181  0.0446199  -0.0976364  
3.79701  66.1208  478.24  0.0176478  0.0572793  -0.0916211  
2.71261  65.0599  478.962  0.032545  0.032563  -0.0876302  
0.723098  62.6234  476.096  0.0222109  0.02825  -0.0666423  
-0.387259  61.5888  474.731  0.0157494  0.030312  -0.054149  
-3.76529  60.7249  473.225  0.00533507  0.0309513  -0.0324233  
-5.99287  60.5004  472.239  -0.00853651  0.0177896  -0.0237929  
-9.94564  59.1646  473.351  -0.0137379  0.0183928  -0.00500706  
-12.0061  57.6693  474.241  -0.0273921  0.0108669  0.00868288  
-15.1932  53.4136  472.748  -0.0565026  0.0114158  0.0389045  
-18.4964  47.2853  473.798  -0.0735314  0.011061  0.0817155  
-19.5485  44.0012  471.256  -0.102053  0.00496559  0.0976271  
-22.6263  38.7357  466.63  -0.134706  0.00183746  0.121874  
-24.1962  36.5504  465.039  -0.146034  0.00523939  0.12807  
-26.9548  32.2062  462.873  -0.139635  0.00136243  0.14141  
-28.4083  29.9153  459.764  -0.154215  -0.00783728  0.153158  
-30.2147  24.7613  456.711  -0.179163  -0.0319403  0.182187  
-30.4007  21.8833  454.929  -0.197616  -0.0325216  0.19873  
-30.5744  17.462  451.162  -0.208189  -0.0524113  0.228784  
-30.3564  14.2013  451.044  -0.183688  -0.0664474  0.254391  
-30.0175  12.8858  450.329  -0.175038  -0.0642694  0.261422  
-29.1136  10.5739  448.125  -0.167122  -0.0858008  0.28446  
-28.343  9.92779  445.882  -0.156033  -0.0859095  0.299131  
-26.3225  10.2465  441.834  -0.140028  -0.0941527  0.321727  
-24.9447  13.1165  438.239  -0.122663  -0.103074  0.338908  
-24.3171  14.8239  438.358  -0.109984  -0.102647  0.343176  
-23.6423  16.5693  437.154  -0.109164  -0.0995124  0.348534  
-21.7936  20.0869  433.842  -0.124592  -0.0979057  0.359221  
-19.914  23.8281  434.265  -0.112397  -0.10598  0.363395  
-18.9146  25.7333  434.561  -0.102328  -0.116196  0.368378  
-16.5328  30.0821  433.334  -0.0975562  -0.114443  0.375956  
-15.3025  32.3722  433.867  -0.0879537  -0.111828  0.381278  
-13.1443  37.1857  431.788  -0.08747  -0.113246  0.386262  
-10.3561  41.8652  428.306  -0.0996557  -0.123533  0.396158  
-8.40996  44.2629  427.575  -0.0940121  -0.124657  0.396265  
-5.08113  49.6997  423.539  -0.0658486  -0.141894  0.377073  
-3.69872  53.1582  422.454  -0.0347023  -0.133946  0.352406  
-0.626775  60.7011  416.398  0.0175049  -0.149529  0.302432  
1.327  63.8501  414.067  0.0656511  -0.167177  0.277701  
5.18424  70.7913  403.742  0.0940539  -0.219952  0.226918  
6.50869  75.3497  400.793  0.112683  -0.23145  0.2008  
8.95382  84.2881  396.049  0.144728  -0.236806  0.144909  
12.6049  91.4352  393.043  0.144737  -0.24439  0.110899  
14.5469  94.6315  392.447  0.136121  -0.24051  0.100925  
18.031  99.5443  390.394  0.161206  -0.238669  0.0725292  
19.4801  100.949  391.672  0.163964  -0.234756  0.0608815  
21.9824  101.06  394.852  0.1609  -0.219276  0.0402491  
23.1663  100.372  396.952  0.164915  -0.203652  0.0319205  
26.068  97.3626  399.935  0.169721  -0.18639  0.0201951  
27.2918  95.5678  401.161  0.170678  -0.18461  0.0137893  
28.8627  92.1685  403.043  0.200796  -0.163889  -0.00490077  
29.3164  90.5906  404.133  0.208096  -0.153641  -0.0128344  
30.7518  87.2053  407.027  0.217318  -0.123109  -0.026649  
32.3468  83.9573  408.295  0.218728  -0.109651  -0.027768  
33.0266  83.0516  409.15  0.208453  -0.10139  -0.0298197  
33.913  82.5117  409.711  0.213712  -0.0930384  -0.047472  
34.4185  82.8476  410.323  0.210933  -0.0833679  -0.0611358  
36.0919  83.6847  411.826  0.22528  -0.0679383  -0.0929577  
37.0351  84.2696  413.541  0.222715  -0.066429  -0.109201  
38.8169  85.8351  414.546  0.227714  -0.0433272  -0.147216  
39.8235  86.5954  416.209  0.242408  -0.0423581  -0.167262  
42.5157  87.7367  418.94  0.243256  -0.0104919  -0.205728  
45.504  87.9035  421.515  0.246042  -0.000356681  -0.235016  
46.6562  87.8452  422.015  0.244018  -6.56604e-05  -0.247934  
48.9799  87.3025  424.238  0.260941  0.013953  -0.276161  
49.6839  87.0709  425.726  0.262897  0.014895  -0.289497  
51.0263  86.1018  427.683  0.266908  0.0323877  -0.312844  
52.3798  84.7769  428.525  0.285825  0.0398663  -0.334168  
53.4567  84.3891  430.091  0.278389  0.0357882  -0.341685  
54.4056  83.7061  429.576  0.289574  0.0425731  -0.351955  
56.8206  82.7873  429.879  0.319016  0.045405  -0.374515  
59.6634  81.3289  431.133  0.329224  0.057298  -0.388929  
61.3667  79.8404  432.146  0.331154  0.0609276  -0.393578  
64.4684  75.9508  433.428  0.322236  0.0764737  -0.402405  
65.9063  74.3955  434.068  0.314901  0.069758  -0.407393  
69.1697  71.3368  434.658  0.344875  0.0898517  -0.420183  
72.1919  67.0973  435.337  0.372302  0.105384  -0.430086  
73.6605  65.0744  436.128  0.364397  0.116423  -0.42694  
74.5151  60.2383  435.95  0.366128  0.147737  -0.404717  
74.4059  57.8518  438.472  0.351999  0.137954  -0.379666  
72.7724  53.6406  437.374  0.309209  0.153933  -0.327828  
71.2976  52.8091  437.923  0.272583  0.163743  -0.301696  
67.5988  52.0066  439.469  0.216582  0.168405  -0.259788  
65.5259  51.3218  440.025  0.19567  0.152812  -0.240286  
60.5376  50.0845  440.584  0.155238  0.152164  -0.204786  
55.7335  48.9133  442.842  0.124189  0.146867  -0.182242  
53.3182  47.7331  442.682  0.117965  0.147718  -0.171676  
49.8145  44.0523  446.633  0.108207  0.132205  -0.148747  
47.9832  41.7823  447.8  0.094452  0.129707  -0.132366  
44.4919  38.7869  450.208  0.0542985  0.120082  -0.111824  
42.69  38.023  450.375  0.0351555  0.123145  -0.11061  
40.4751  35.1408  454.041  0.00256973  0.124256  -0.0985212  
39.5632  33.1934  453.85  -0.0364081  0.124279  -0.0867264  
37.4627  29.1235  451.357  -0.0963946  0.116526  -0.0665446  
35.1776  25.2622  449.199  -0.158452  0.124191  -0.0489985  
34.1329  23.5842  448.475  -0.16906  0.131202  -0.0409558  
32.1006  20.585  450.602  -0.155427  0.124281  -0.0138917  
30.802  19.4489  451.015  -0.145383  0.136029  -0.00119616  
27.6806  17.8011  452.056  -0.149422  0.150014  0.0248124  
25.7231  17.5648  452.653  -0.146674  0.154923  0.0343235  
21.9785  16.4541  454.59  -0.158237  0.158678  0.0682279  
20.9467  15.2175  454.949  -0.167009  0.161275  0.096242  
19.2013  13.5505  455.275  -0.168514  0.18465  0.147402  
16.472  14.7699  454.455  -0.170372  0.212038  0.157675  
14.9348  16.0968  453.146  -0.182395  0.221565  0.156718  
13.2311  19.3335  452.671  -0.178315  0.230958  0.160248  
12.7808  21.0771  453.601  -0.168255  0.237665  0.163967  
11.6358  25.1012  450.246  -0.168974  0.229799  0.169458  
10.5239  29.321  446.106  -0.169998  0.233645  0.170291  
9.94404  31.1957  444.234  -0.17243  0.236473  0.173566  
9.56313  32.9125  442.738  -0.169657  0.223687  0.177486  
8.29583  35.4125  436.545  -0.19428  0.222988  0.186357  
7.02577  37.8287  433.57  -0.190507  0.221078  0.189039  
6.2927  38.9377  429.633  -0.202486  0.224562  0.190138  
5.26494  41.2602  423.923  -0.206582  0.214725  0.190346  
4.5787  43.0976  421.254  -0.19596  0.212586  0.183703  
3.4078  47.6338  412.021  -0.1933  0.201634  0.160305  
3.52541  52.1154  404.191  -0.184509  0.178104  0.136988  
3.64849  54.5  400.009  -0.177964  0.162365  0.123273  
5.15232  58.5727  392.154  -0.163751  0.139156  0.0973038  
6.88442  60.364  390.174  -0.145286  0.112968  0.0875521  
11.0853  63.6533  380.517  -0.137556  0.0727605  0.06399  
13.8485  65.9473  375.939  -0.129376  0.0423865  0.0439268  
18.9467  70.13  369.995  -0.124767  0.00879433  0.0196796  
21.5559  71.4876  368.643  -0.129077  -0.0184131  0.0122873  
25.5201  73.7198  364.421  -0.123487  -0.0422381  0.00741459  
29.1797  76.3235  363.625  -0.117857  -0.0352042  -0.00305812  
31.3916  77.3776  364.75  -0.105261  -0.0352413  -0.00896435  
36.4309  79.4653  366.017  -0.102056  -0.0377364  -0.0204545  
39.1924  81.1139  366.908  -0.0934902  -0.0384249  -0.0266361  
45.4379  83.7797  370.057  -0.0842516  -0.027659  -0.0389377  
52.1904  85.5248  375.141  -0.0700358  -0.00130477  -0.0489031  
55.4754  85.9213  377.739  -0.0577422  0.0059728  -0.0512836  
58.9633  85.946  380.989  -0.0527733  0.00973568  -0.0508949  
65.0953  84.5564  387.343  -0.0299008  0.0234318  -0.0469362  
69.6392  82.1862  394.41  0.000457473  0.0392102  -0.0461096  
71.1752  81.2035  399.214  0.0206871  0.0462691  -0.0469758  
72.6093  78.862  407.803  0.0364707  0.0615978  -0.0489726  
72.9473  77.4028  412.504  0.0515541  0.0742899  -0.0506056  
72.1859  74.2344  418.82  0.0460554  0.0864835  -0.0435174  
70.2103  71.8322  424.984  0.0509158  0.0909448  -0.0373128  
68.8433  71.1319  427.129  0.0454097  0.104261  -0.0334215  
65.7933  70.8694  433.122  0.0404018  0.100759  -0.0332927  
63.9875  70.8415  435.491  0.0373907  0.10254  -0.0334552  
60.4434  70.3631  441.56  0.0430353  0.101688  -0.0320784  
58.6636  69.6863  445.276  0.0436941  0.103718  -0.032009  
54.02  67.6828  450.893  0.0449944  0.104197  -0.0282531  
51.8836  66.66  454.469  0.0380146  0.114568  -0.0282417  
46.6832  64.991  459.79  0.0348476  0.114886  -0.0300195  
41.3755  63.2815  466.416  0.0317468  0.12217  -0.0318382  
38.6394  62.377  468.68  0.0201801  0.12317  -0.0329394  
33.6631  61.1309  472.888  0.00511058  0.132721  -0.0324447  
31.3702  60.9247  474.199  -0.0147667  0.139257  -0.0349385  
27.143  60.0299  477.151  -0.00991847  0.151969  -0.0276634  
25.4151  59.0621  477.719  -0.00719402  0.173861  -0.0203901  
22.4253  57.15  479.5  -0.00414817  0.182562  -0.0109678  
20.476  56.6028  478.271  -0.0261692  0.188517  -0.0106542  
17.9559  55.5349  479.589  -0.00817335  0.200474  -0.0157976  
16.9499  54.9337  480.086  0.0108801  0.209108  -0.0182365  
14.6481  54.4006  477.82  -0.00295291  0.212478  -0.0197851  
12.4717  54.9184  474.412  0.00652758  0.216615  -0.0284971  
11.401  55.2538  471.89  0.0177686  0.222978  -0.033924  
9.4432  55.332  468.377  0.0301163  0.226909  -0.0425629  
8.38764  54.985  465.219  0.0426312  0.215029  -0.0416753  
6.39146  53.5039  459.044  0.0626999  0.203185  -0.0431338  
5.08162  52.4976  456.232  0.0672846  0.182584  -0.0423453  
2.57876  49.9847  447.857  0.0695724  0.174062  -0.0430254  
0.997214  49.025  443.742  0.0619861  0.172696  -0.0448388  
-1.82705  46.8134  435.87  0.0929169  0.150092  -0.046917  
-4.49578  44.8388  425.807  0.11166  0.136621  -0.0457229  
-5.73273  44.7186  420.165  0.116564  0.134627  -0.0485237  
-8.04058  45.2451  410.843  0.125359  0.122359  -0.0526794  
-8.7873  45.1812  406.625  0.143613  0.113487  -0.0532981  
-10.658  44.9731  397.559  0.14081  0.107404  -0.0485633  
-11.2382  44.7106  394.226  0.147153  0.0979767  -0.0465891  
-12.4155  43.9245  386.368  0.149143  0.0880161  -0.0416187  
-12.94  43.3284  382.446  0.162741  0.0874503  -0.044682  
-13.5822  42.2805  375.833  0.164047  0.0753411  -0.0420007  
-14.3159  41.9368  369.801  0.151307  0.0721684  -0.0415591  
-14.7463  42.0166  366.95  0.136071  0.0632269  -0.0405893  
-15.289  43.5016  362.031  0.123512  0.0630828  -0.0404962  
-15.8344  45.1131  360.755  0.0996818  0.0576375  -0.0448417  
-16.9594  49.3825  357.427  0.0707984  0.0741267  -0.0618025  
-17.5292  53.3809  357.327  0.0728747  0.0704569  -0.08403  
-17.5384  54.697  357.681  0.0723211  0.0657224  -0.0943449  
-17.1571  55.8661  358.539  0.0732125  0.0643725  -0.113572  
-16.7062  55.9938  358.33  0.0656226  0.0631679  -0.125056  
-15.3491  56.4137  358.582  0.072637  0.0720722  -0.150028  
-14.4338  56.5552  358.508  0.0773422  0.071508  -0.163776  
-12.3059  56.4935  358.704  0.0776911  0.0802444  -0.185447  
-11.0629  56.6899  358.161  0.0821223  0.0853148  -0.199211  
-8.88071  57.2056  359.811  0.0849134  0.0854777  -0.223893  
-6.20464  57.3636  360.331  0.0796052  0.0928908  -0.24969  
-4.78687  57.2375  360.96  0.0791699  0.100035  -0.259535  
-2.12935  57.4461  362.157  0.0809691  0.106879  -0.282165  
-0.990577  57.5092  362.408  0.0820288  0.105967  -0.29434  
1.17076  58.3344  363.464  0.0746336  0.120823  -0.316939  
2.97363  59.9361  362.804  0.0647312  0.133767  -0.331531  
3.64999  60.7871  363.991  0.0700863  0.122469  -0.338801  
4.2546  61.1087  363.535  0.0624061  0.132711  -0.338241  
5.25495  60.1614  364.814  0.0853314  0.132427  -0.306481  
5.56665  58.6218  363.899  0.0812358  0.124512  -0.272935  
5.31691  57.9935  363.683  0.0751003  0.108343  -0.263895  
4.87085  55.5838  364.926  0.0920973  0.101358  -0.237245  
4.46558  53.9826  366.003  0.100038  0.0972281  -0.219768  
4.07719  49.7871  366.489  0.105061  0.106792  -0.168727  
3.9893  47.8032  366.649  0.112182  0.10541  -0.140379  
3.31519  45.1197  366.107  0.113025  0.100766  -0.0917039  
2.93226  44.119  365.99  0.115752  0.0992179  -0.074201  
2.70999  42.5694  366.154  0.110337  0.0895928  -0.0371637  
2.41986  42.226  366.372  0.0919306  0.0821722  -0.00979555  
2.04359  42.7034  366.527  0.0755582  0.0827838  -0.00435253  
1.04622  44.7442  367.905  0.0669125  0.0818723  -0.0137413  
0.779644  45.6514  369.864  0.0701186  0.0824854  -0.0189346  
0.968891  46.1531  372.781  0.0819014  0.0891632  -0.02257  
1.8583  45.5142  375.113  0.0956222  0.0950397  -0.0236254  
2.53885  45.3715  375.617  0.114164  0.100968  -0.02782  
3.36548  45.2449  375.998  0.135269  0.108901  -0.0357199  
4.88895  45.035  376.686  0.168823  0.120779  -0.0414865  
6.69026  44.4514  376.592  0.187802  0.124097  -0.0472275  
7.10879  44.4179  375.884  0.20326  0.125281  -0.0478941  
8.03502  44.8264  375.046  0.235961  0.121707  -0.0599048  
8.39362  44.5739  373.821  0.262402  0.120722  -0.0624324  
8.91068  44.1223  371.938  0.279746  0.115072  -0.0690124  
8.86095  43.5119  370.724  0.307219  0.105878  -0.0722286  
8.73637  43.6477  369.172  0.319794  0.104816  -0.0761953  
8.50633  43.8695  368.19  0.340958  0.114841  -0.0817479  
8.40784  44.0548  367.657  0.343724  0.103383  -0.0838709  
8.19544  44.3352  366.602  0.342699  0.103917  -0.0864354  
7.98113  44.2662  366.186  0.354004  0.107718  -0.0887985  
7.64105  44.5308  365.753  0.352565  0.103117  -0.0925871  
7.64962  44.5359  366.48  0.358631  0.109339  -0.0943293  
7.933  44.3736  366.047  0.363413  0.107948  -0.0967135  
8.20048  44.0009  366.484  0.374319  0.114706  -0.0974062  
8.21633  43.598  366.889  0.371697  0.117789  -0.0965493  
8.06394  42.2603  367.872  0.364914  0.119845  -0.0921063  
7.90186  41.2731  369.384  0.357599  0.119872  -0.087494  
7.59973  39.0999  369.827  0.323977  0.12244  -0.0748877  
6.91463  37.944  371.292  0.287252  0.122024  -0.0730311  
6.39703  37.5131  372.2  0.279175  0.119573  -0.0744631  
6.19195  36.5082  373.885  0.276324  0.127619  -0.0753283  
5.78959  32.4199  377.012  0.231575  0.114968  -0.0615971  
4.66972  29.034  380.998  0.165785  0.111942  -0.0545147  
3.99815  28.1872  381.738  0.131109  0.120602  -0.0547458  
3.49129  26.2531  386.086  0.0751443  0.112542  -0.0489256  
3.25928  25.4164  386.784  0.0254425  0.118972  -0.0413528  
2.84749  24.5205  387.088  -0.0634712  0.133371  -0.03306  
2.54217  24.1233  388.65  -0.137929  0.142747  -0.0271138  
2.07974  24.4856  387.552  -0.186309  0.142189  -0.0227514  
1.70839  25.776  387.339  -0.206162  0.139744  -0.0268742  
0.459024  28.8305  387.723  -0.241336  0.148978  -0.0332552  
-0.5453  30.8026  388.361  -0.270112  0.139695  -0.0328744  
-1.03314  31.4656  388.329  -0.283826  0.137431  -0.0341426  
-2.02811  32.354  387.48  -0.30531  0.13495  -0.0358126  
-2.46539  32.9033  388.14  -0.297637  0.138183  -0.0396237  
-3.17872  33.5722  387.009  -0.290887  0.131017  -0.0406933  
-3.45164  33.6981  386.436  -0.292055  0.128146  -0.0394535  
-3.61783  34.2644  385.84  -0.281779  0.129277  -0.0401177  
-3.93422  36.198  383.956  -0.254221  0.128656  -0.0474312  
-3.97241  36.6835  383.097  -0.242531  0.130786  -0.048142  
-3.74276  36.5641  381.62  -0.241619  0.119038  -0.0497977  
-3.66208  36.6337  381.154  -0.227101  0.119676  -0.0511462  
-3.24777  36.4567  379.585  -0.207488  0.108313  -0.0540585  
-2.91716  36.288  380.787  -0.191943  0.0975661  -0.0541974  
-2.47669  35.8676  378.348  -0.183553  0.0961386  -0.052053  
-2.17493  35.754  377.473  -0.158369  0.0992313  -0.0538483  
-1.98898  35.5243  376.305  -0.155812  0.101267  -0.0521463  
-1.90067  35.8125  373.96  -0.13358  0.101268  -0.0521121  
-1.75332  36.131  373.372  -0.117169  0.0977373  -0.0555884  
-1.91732  36.8289  371.559  -0.105164  0.0977256  -0.0582598  
-1.91817  37.1584  370.915  -0.0951614  0.0955127  -0.0615361  
-1.91745  37.2558  369.851  -0.0826978  0.0940054  -0.0639021  
-1.75055  37.0093  370.496  -0.0672047  0.0963042  -0.0644052  
-1.56804  37.1844  370.495  -0.0710178  0.0874136  -0.0659049  
-1.37803  37.5221  371.174  -0.0634913  0.0927704  -0.0686506  
-0.99632  37.7643  371.8  -0.0634203  0.0976031  -0.0698023  
-0.459333  37.3336  373.333  -0.0578275  0.0877364  -0.0689021  
-0.187208  36.7794  373.175  -0.0672657  0.0876324  -0.0668833  
0.159292  35.4628  373.647  -0.0684273  0.0929684  -0.0625983  
0.132465  35.0715  373.749  -0.0711945  0.0957321  -0.0616409  
-0.15248  34.9331  372.542  -0.0688069  0.1011  -0.0619432  
-0.473957  35.0498  372.165  -0.0682936  0.108276  -0.0626842  
-0.591661  35.232  371.97  -0.0650301  0.105257  -0.0650059  
-0.881819  35.433  371.213  -0.0661062  0.103668  -0.0642065  
-1.4152  35.5206  372.259  -0.0663224  0.105133  -0.0657413  
-1.85119  35.7579  370.334  -0.0691552  0.106616  -0.0657049  
-2.08116  35.8226  370.581  -0.0660874  0.107924  -0.0654394  
-2.53418  36.0611  369.302  -0.0689531  0.104727  -0.0662958  
-2.81403  36.2926  369.35  -0.0669298  0.103803  -0.0647648  
-3.35369  37.2213  367.609  -0.068517  0.107713  -0.0695118  
-3.81098  38.4919  366.979  -0.0707827  0.0952325  -0.0737196  
-3.75164  38.6465  367.934  -0.0578631  0.0847692  -0.0745274  
-3.72129  38.4137  367.309  -0.0708507  0.0826369  -0.0734824  
-3.59585  37.8614  367.855  -0.0571674  0.0889916  -0.0719788  
-3.24502  37.3043  367.988  -0.0576258  0.0946684  -0.0689537  
-3.12447  37.283  367.899  -0.0597571  0.0970009  -0.0691588  
-2.89267  37.7712  368.761  -0.0487459  0.101639  -0.0710571  
-2.86938  37.9819  369.319  -0.0529934  0.0978678  -0.0709408  
-2.76896  38.2335  369.482  -0.0455939  0.10187  -0.0682904  
-2.61807  38.7564  368.117  -0.0515871  0.104867  -0.0666959  
-2.65648  39.1359  367.809  -0.0469945  0.100369  -0.0682339  
-2.75768  39.644  368.45  -0.0453274  0.0996832  -0.0684916  
-2.79925  39.722  368.375  -0.0517323  0.100257  -0.0692945  
-2.76376  39.7868  368.6  -0.0577096  0.0957341  -0.0698538  
-2.74959  39.6537  368.347  -0.059744  0.0948001  -0.0693186  
-2.61633  39.7222  368.826  -0.051323  0.100455  -0.0691556  
-2.56638  39.8241  368.624  -0.0555366  0.0998683  -0.0678832  
-2.3485  40.0872  368.418  -0.0584189  0.0995448  -0.0694656  
-2.19381  40.3517  368.319  -0.0583881  0.0964323  -0.0706701  
-2.1567  40.3907  367.809  -0.0651917  0.0994464  -0.07174  
-1.83137  40.7327  369.036  -0.0517964  0.0953313  -0.0747586  
-1.68573  40.8511  369.637  -0.0485895  0.0890221  -0.0768831  
-1.24889  40.5267  370.281  -0.0473945  0.0943001  -0.0763081  
-0.890606  39.8768  370.708  -0.0502926  0.0932271  -0.0769748  
-0.639867  39.5499  370.747  -0.0527007  0.0938456  -0.0782009  
-0.441021  39.3121  370.971  -0.0441086  0.0942288  -0.0782241  
0.423432  38.9499  370.89  -0.045631  0.0971756  -0.0823944  
1.47303  38.749  370.752  -0.0443227  0.094969  -0.0933178  
2.11023  38.8462  371.426  -0.0306722  0.0887467  -0.101192  
3.59014  38.7525  372.443  -0.0242955  0.0886657  -0.117813  
4.17385  38.4267  372.322  -0.0314524  0.0892449  -0.123955  
5.37164  37.9555  373.301  -0.0333677  0.0877585  -0.135781  
6.15734  38.0376  374.047  -0.0332394  0.093073  -0.14026  
6.4542  38.0189  373.957  -0.0346928  0.0992448  -0.140798  
6.67401  38.2933  373.937  -0.0363991  0.102018  -0.143775  
6.60233  39.5827  373.405  -0.04028  0.109867  -0.154434  
6.22911  41.901  372.883  -0.046124  0.119686  -0.172267  
5.88162  43.2444  372.329  -0.0599144  0.127156  -0.182362  
5.40643  46.2904  371.655  -0.0599541  0.131087  -0.207816  
5.18996  47.742  371.121  -0.0598272  0.126184  -0.218962  
4.83787  49.8469  371.494  -0.0567578  0.125119  -0.236185  
4.64773  51.4475  370.476  -0.0556678  0.12531  -0.249495  
4.4661  52.235  371.022  -0.0539789  0.116239  -0.255386  
4.57135  54.2346  370.339  -0.0433718  0.117751  -0.27521  
4.68995  55.5406  370.686  -0.031367  0.123065  -0.286775  
5.08103  57.8124  371.686  -0.0122686  0.12562  -0.311609  
5.56266  58.7579  372.534  -0.00689441  0.124214  -0.32456  
6.3949  60.7039  373.207  -0.0152722  0.136442  -0.346743  
7.05913  61.7199  374.49  -0.0075387  0.136785  -0.36033  
8.02227  63.3772  374.843  -0.012376  0.147964  -0.379723  
9.11294  64.8915  374.097  -0.0239032  0.14301  -0.399096  
9.62724  65.7276  373.823  -0.0223796  0.149585  -0.407814  
10.4398  66.9502  374.416  -0.0177524  0.14959  -0.417704  
10.7861  67.2725  373.787  -0.0101042  0.146113  -0.419735  
11.0863  67.3796  373.515  -0.0231922  0.148999  -0.418248  
11.34  67.1043  373.844  -0.0204455  0.145947  -0.416643  
11.617  65.7501  374.537  -0.0124114  0.131552  -0.404124  
11.5362  64.6056  375.103  -0.0067124  0.129312  -0.392193  
11.4824  61.2234  374.774  0.00596776  0.126235  -0.358484  
10.8333  57.6316  375.516  0.00071515  0.109862  -0.33118  
10.3864  55.8264  375.63  -0.014177  0.105312  -0.320395  
9.27377  52.1011  376.02  -0.0213835  0.104064  -0.292163  
8.83446  49.9933  375.53  -0.0252311  0.101119  -0.271918  
8.36129  45.9054  374.44  -0.0217903  0.103136  -0.226627  
8.06806  42.4301  372.769  -0.018944  0.102661  -0.186319  
7.92761  40.939  373.008  -0.017899  0.100655  -0.166919  
8.04663  38.145  372.162  -0.0207137  0.0971493  -0.129585  
8.279  36.9651  372.218  -0.0246753  0.0975718  -0.112521  
8.32559  36.2449  370.873  -0.0320799  0.105462  -0.0896148  
8.26221  36.4055  370.773  -0.0308536  0.114313  -0.0824598  
8.29134  36.7479  371.7  -0.0371436  0.11916  -0.0629352  
8.6249  36.7082  372.23  -0.0378027  0.112131  -0.0499972  
9.24903  36.3174  372.948  -0.052801  0.114621  -0.0109791  
9.39922  36.258  373.866  -0.0587589  0.125855  0.0210876  
9.01267  36.742  372.801  -0.0687534  0.133099  0.0336578  
8.03836  37.9162  373.27  -0.0594878  0.127922  0.0545129  
7.53027  38.0048  373.478  -0.0623725  0.119255  0.0686265  
6.82864  37.0068  373.661  -0.068706  0.109933  0.107627  
6.72614  36.4557  373.189  -0.0711397  0.0962023  0.127847  
6.63897  35.8315  372.184  -0.0756196  0.0843521  0.171313  
6.72923  35.508  372.391  -0.070664  0.0683852  0.189555  
6.68627  35.2849  371.744  -0.0709525  0.0572952  0.22084  
6.65677  35.7585  370.511  -0.0757813  0.0477848  0.242253  
6.8635  35.913  370.983  -0.0757636  0.0442736  0.249552  
7.39785  35.8216  370.84  -0.0892453  0.0386537  0.273581  
7.7127  35.7586  370.567  -0.0981028  0.0356889  0.281875  
8.71951  35.8934  370.872  -0.111001  0.0272466  0.307903  
9.93727  37.3579  370.975  -0.124447  0.0211988  0.335495  
9.88078  38.4152  370.846  -0.134316  0.0257292  0.344205  
9.77243  39.4785  370.468  -0.146969  0.0229475  0.347843  
9.61849  41.8053  372.547  -0.151447  0.0223007  0.360439  
8.08027  45.0754  374.054  -0.153896  0.0264382  0.351958  
7.25778  46.5842  374.105  -0.156586  0.0339391  0.339349  
6.10673  47.7188  374.145  -0.156537  0.0427581  0.317428  
5.62772  47.8683  374.852  -0.15009  0.0503146  0.302274  
4.63077  47.5228  374.815  -0.140268  0.0617893  0.266122  
4.25715  47.1386  374.746  -0.128539  0.0664165  0.249028  
4.41382  45.7237  374.555  -0.113101  0.0645788  0.217338  
4.90012  44.4307  374.147  -0.0975221  0.0654832  0.187112  
5.32062  44.0804  374.531  -0.0869529  0.0633743  0.17267  
5.76259  43.7982  374.253  -0.0737697  0.0643536  0.160476  
6.7331  43.6013  374.457  -0.0576145  0.0700376  0.127796  
8.14775  43.5596  374.75  -0.0370785  0.0787691  0.104421  
8.97516  43.792  374.51  -0.0223004  0.0917914  0.0925048  
9.3991  45.5457  372.794  -0.0148795  0.105232  0.0599794  
9.34617  47.0046  373.193  -0.00215721  0.113051  0.0401628  
9.03845  50.2266  370.867  0.00496736  0.12819  -0.00122829  
8.70024  52.8714  370.797  0.029071  0.136282  -0.0290787  
8.54684  53.6522  369.936  0.0326253  0.147038  -0.034995  
8.44712  54.3039  369.707  0.0380422  0.14767  -0.0375459  
7.84194  55.1476  368.508  0.0438704  0.144922  -0.0364579  
7.23422  55.4862  368.58  0.0575423  0.13802  -0.0345744  
7.03484  55.5002  368.462  0.0641853  0.14028  -0.0366202  
6.54954  55.5172  368.033  0.0862005  0.136648  -0.0400179  
6.33653  55.5007  367.915  0.0984074  0.138662  -0.0429314  
5.89472  55.6947  367.02  0.116241  0.143247  -0.0495774  
5.71862  56.7517  365.21  0.145062  0.151667  -0.0618788  
5.6604  57.5279  364.022  0.171437  0.152195  -0.0681843  
6.02687  59.3184  360.497  0.183371  0.158047  -0.0781049  
6.23858  60.2552  358.27  0.205756  0.164734  -0.0810346  
6.43307  61.8824  354.539  0.225861  0.156179  -0.0859562  
6.66433  62.3434  351.647  0.238568  0.150479  -0.0868287  
6.89971  63.0162  346.161  0.249161  0.139723  -0.0866744  
6.86257  63.4331  343.597  0.250348  0.129732  -0.0860758  
6.36071  65.9316  339.201  0.264622  0.12209  -0.0892663  
5.82424  69.9165  335.535  0.272043  0.128177  -0.102021  
5.64204  72.2671  334.111  0.278717  0.1263  -0.107552  
5.30319  76.858  330.806  0.305844  0.123762  -0.121257  
5.09372  78.8961  329.323  0.320861  0.119253  -0.125823  
4.74409  82.5189  327.132  0.349456  0.110793  -0.135006  
4.5329  83.4811  325.65  0.364275  0.110696  -0.137684  
4.01727  83.9995  323.769  0.376662  0.105702  -0.13767  
3.67162  84.1755  323.173  0.376366  0.100391  -0.136451  
3.21617  84.6868  321.822  0.38691  0.100579  -0.139538  
3.32684  84.9365  321.358  0.398661  0.104416  -0.138374  
3.44912  85.1004  321.178  0.402935  0.0974197  -0.137996  
4.06864  85.0945  320.81  0.413761  0.0995632  -0.139442  
4.35671  85.247  321.809  0.412481  0.0996463  -0.137793  
5.36624  83.4148  322.71  0.410175  0.101166  -0.132041  
6.86024  78.8497  323.091  0.366532  0.0936154  -0.110929  
7.53752  76.0988  323.496  0.332938  0.0861613  -0.100103  
8.35932  73.1705  324.411  0.304309  0.0836391  -0.0891231  
9.49246  66.5403  323.903  0.25165  0.0690666  -0.0656474  
10.2985  60.9506  325.697  0.194477  0.0736044  -0.0476172  
10.6577  58.5254  326.731  0.161597  0.0699155  -0.0416736  
11.7732  54.5092  330.953  0.123381  0.0727443  -0.0321691  
12.4014  53.0483  332.88  0.0960939  0.0759274  -0.0275623  
13.6729  51.3203  338.634  0.0499688  0.0710047  -0.0234875  
14.841  51.844  342.709  -0.011119  0.0653183  -0.0258069  
15.0252  52.7779  343.694  -0.0550697  0.0662169  -0.0275621  
15.2157  53.9208  344.614  -0.0985575  0.0644577  -0.0331001  
15.4795  56.3757  347.939  -0.150623  0.0574576  -0.0408973  
15.6935  58.0109  348.638  -0.200033  0.0605949  -0.0460964  
15.9239  58.5224  349.088  -0.211415  0.0722283  -0.0488029  
16.2474  58.7889  349.489  -0.22937  0.0702778  -0.0525886  
16.3811  58.3356  348.76  -0.239038  0.0663955  -0.0525613  
16.7575  57.9137  349.247  -0.233193  0.0643554  -0.0506253  
17.1131  57.8545  348.667  -0.234012  0.0617796  -0.0514085  
17.1456  58.3311  348.652  -0.230878  0.0585754  -0.0522016  
17.114  59.6854  348.995  -0.227509  0.0667411  -0.0595281  
16.9314  60.5743  350.437  -0.22601  0.0687677  -0.0618957  
16.8407  61.9534  350.24  -0.234861  0.0611107  -0.0696202  
16.8158  62.7171  350.246  -0.233821  0.0656554  -0.0731669  
16.7653  64.032  349.39  -0.225024  0.0691019  -0.0824093  
16.5531  64.6382  349.367  -0.215678  0.0756996  -0.0845826  
16.2097  65.3317  348.187  -0.199652  0.0677558  -0.0900194  
15.5946  65.8851  346.221  -0.186901  0.072979  -0.0973916  
15.4551  66.0214  346.145  -0.172689  0.0652908  -0.100029  
15.5296  65.2704  344.938  -0.167323  0.0593458  -0.102719  
15.8515  65.1573  345.133  -0.15206  0.0610919  -0.102747  
16.5592  64.7892  344.902  -0.136732  0.0611132  -0.0984427  
17.0365  65.0967  344.311  -0.128777  0.0586032  -0.09641  
17.0074  65.7421  344.505  -0.119079  0.0605545  -0.0992277  
16.872  67.138  345.099  -0.110683  0.0597607  -0.103583  
16.7685  67.6429  345.142  -0.11476  0.0585599  -0.103588  
16.5474  68.9179  344.62  -0.105647  0.0639586  -0.107048  
16.3388  69.648  344.325  -0.105134  0.0658339  -0.109046  
15.8679  70.9964  343.694  -0.0994586  0.070449  -0.112085  
15.7694  71.7076  344.085  -0.0930053  0.0684403  -0.115157  
15.5178  72.2976  343.844  -0.0836216  0.070823  -0.116322  
15.9086  72.3802  343.288  -0.0893742  0.066257  -0.115664  
16.0309  72.5188  342.77  -0.089339  0.0594208  -0.115964  
16.0454  72.7401  342.355  -0.0817845  0.0616014  -0.118646  
16.1789  72.5358  343.18  -0.0765175  0.0596485  -0.120249  
16.6219  71.6915  343.726  -0.0638454  0.058143  -0.119283  
16.9161  71.0797  343.605  -0.0585162  0.0591303  -0.121519  
17.7252  69.8094  343.841  -0.0531986  0.060531  -0.121231  
18.1011  69.0426  344.385  -0.0414152  0.0614448  -0.11954  
18.4995  68.0015  343.595  -0.0361906  0.0702826  -0.115123  
18.586  68.0707  341.831  -0.0420342  0.0591559  -0.109545  
18.6392  68.6955  340.596  -0.0409262  0.0575481  -0.110788  
18.7879  70.3268  339.315  -0.0365598  0.0618413  -0.117204  
18.9653  70.7164  339.162  -0.034106  0.0607463  -0.118847  
19.1185  70.3803  339.183  -0.034997  0.0575398  -0.11618  
19.2411  69.7726  339.82  -0.0370832  0.0631894  -0.112194  
19.2639  69.681  339.87  -0.0379111  0.0612729  -0.110257  
19.3305  69.9236  340.331  -0.0310793  0.0499986  -0.108401  
19.2758  71.2062  339.996  -0.0242552  0.0504295  -0.111716  
18.971  72.4676  340.666  -0.0277362  0.0529659  -0.116063  
18.8551  72.7427  340.626  -0.030095  0.0549882  -0.113027  
18.9334  73.3606  340.285  -0.0321695  0.0504278  -0.11477  
18.8095  73.545  340.128  -0.0348499  0.0546278  -0.11361  
19.1681  73.0821  340.294  -0.02833  0.0541033  -0.113593  
20.505  71.8838  340.15  -0.0279058  0.0462212  -0.112455  
21.898  70.944  338.418  -0.0436369  0.0258617  -0.107646  
23.4477  70.3385  337.222  -0.0570648  0.0109541  -0.106137  
25.9041  70.69  333.408  -0.0762086  -0.0318381  -0.113712  
27.0621  71.1981  331.495  -0.0844389  -0.0647618  -0.115372  
29.1125  72.0989  328.722  -0.0898617  -0.107076  -0.110698  
32.2428  71.2373  328.353  -0.103224  -0.146528  -0.0979738  
34.0026  70.1635  327.486  -0.118191  -0.183616  -0.0894175  
36.4475  69.1703  326.633  -0.11896  -0.231517  -0.0769592  
36.9453  69.6768  327.142  -0.0972051  -0.24032  -0.0770622  
36.2312  71.5326  328.005  -0.0758272  -0.244379  -0.0836784  
35.7996  72.6395  328.865  -0.071764  -0.247576  -0.0845741  
34.8964  75.2941  330.347  -0.0770795  -0.252958  -0.0803482  
34.3159  76.9676  330.668  -0.0810109  -0.255144  -0.0797294  
33.2017  80.506  333.996  -0.0865156  -0.236309  -0.0874587  
32.2186  82.5465  337.899  -0.0917903  -0.229401  -0.0919741  
31.9739  82.775  339.998  -0.0962789  -0.220834  -0.0895972  
31.6329  82.0708  342.068  -0.104412  -0.217275  -0.0869002  
31.6447  81.7132  342.395  -0.11066  -0.211871  -0.0864611  
32.0501  81.0504  343.147  -0.113469  -0.196005  -0.0870392  
32.3046  79.9515  342.666  -0.108169  -0.187596  -0.0796329  
32.0287  79.2109  342.954  -0.100089  -0.174024  -0.0768659  
29.5412  77.9611  341.102  -0.0753506  -0.137515  -0.0672622  
27.6259  77.6309  340.492  -0.0603331  -0.113194  -0.0643457  
24.2108  76.4337  338.372  -0.0456751  -0.0718467  -0.0547908  
22.9264  75.384  337.895  -0.0367212  -0.0507219  -0.0490206  
21.3037  72.3752  335.836  -0.0369506  -0.0331241  -0.0365066  
20.4206  70.6842  334.193  -0.0515698  -0.021331  -0.0272409  
18.0867  68.3065  332.071  -0.0467817  -0.011365  -0.0154211  
16.0832  67.0815  330.2  -0.042414  7.22559e-05  -0.0141455  
15.2492  66.9646  330.079  -0.035596  0.0101225  -0.0135841  
13.3439  66.5596  328.779  -0.0356594  0.0287107  -0.0131456  
12.2368  66.6308  328.809  -0.0420049  0.0376941  -0.0157746  
9.43407  67.1903  330.509  -0.0443188  0.052745  -0.0305902  
7.99843  67.5261  331.447  -0.0471297  0.0790511  -0.0396809  
5.44406  68.3722  335.06  -0.0601368  0.129149  -0.0422484  
4.35208  68.7529  336.343  -0.0628767  0.158615  -0.039083  
1.54556  70.5519  337.975  -0.0855915  0.219199  -0.0335907  
-1.94764  73.5733  343.048  -0.060177  0.296701  -0.0454555  
-2.93932  74.483  345.332  -0.0518461  0.316182  -0.04549  
-3.31637  74.7972  349.686  -0.0552233  0.319937  -0.032951  
-3.22297  74.6996  350.6  -0.0664329  0.329759  -0.0268789  
-3.11002  75.5514  352.195  -0.0674756  0.344814  -0.0252691  
-3.0893  76.6205  354.124  -0.0715036  0.350172  -0.0269441  
-2.91305  76.8969  354.497  -0.0832458  0.347185  -0.0276124  
-2.65627  77.2092  354.245  -0.0876851  0.337111  -0.026992  
-2.07049  78.4268  352.916  -0.0881405  0.325014  -0.0335925  
-0.851714  79.4709  350.414  -0.0823884  0.286707  -0.0370266  
-0.550552  80.1931  348.625  -0.0902181  0.267457  -0.0429419  
-0.0383992  81.6608  346.028  -0.0712683  0.243149  -0.0580401  
-0.0206949  81.9139  345.08  -0.0667254  0.228548  -0.0587281  
1.08715  81.1519  343.981  -0.0568886  0.192201  -0.0512232  
2.88727  79.4505  340.857  -0.0581572  0.162874  -0.0363467  
4.11436  78.855  338.919  -0.0726581  0.139471  -0.0296213  
5.07732  78.1705  335.855  -0.0605728  0.13358  -0.0252483  
5.42205  77.8  335.893  -0.0388001  0.12451  -0.0240054  
6.43215  76.279  334.297  -0.0365858  0.112033  -0.0201562  
6.70033  75.8718  333.89  -0.0324771  0.103376  -0.0186678  
7.50878  75.6475  333.1  -0.0252045  0.100416  -0.0195615  
7.98188  75.4993  332.952  -0.0190788  0.0934494  -0.0197262  
8.59118  75.3249  332.926  -0.0197138  0.101439  -0.0202976  
9.54284  75.2962  332.213  -0.0316892  0.106164  -0.0190142  
9.95946  75.5998  332.723  -0.0309082  0.093551  -0.019743  
10.5536  76.2353  331.861  -0.0304169  0.0944294  -0.0247356  
10.6681  76.3909  332.572  -0.0302005  0.0972188  -0.0253808  
10.3912  76.5823  333.634  -0.0320414  0.0952742  -0.0261795  
10.0887  76.6147  333.503  -0.0386681  0.0925648  -0.0253169  
9.15811  76.9693  333.672  -0.0419119  0.0890299  -0.025398  
8.61721  77.0585  333.299  -0.0370143  0.0875845  -0.0267246  
8.083  76.8672  333.564  -0.0316277  0.0892833  -0.0286936  
8.06242  75.8593  333.181  -0.032136  0.0938034  -0.0260269  
8.17409  75.4536  333.127  -0.0306804  0.0906252  -0.0263105  
8.7947  74.7521  332.601  -0.0343874  0.0840814  -0.0255168  
9.10639  74.561  332.373  -0.0308073  0.0869493  -0.0272182  
9.83692  74.5971  332.804  -0.0232476  0.085431  -0.0279742  
10.0067  75.0693  332.823  -0.0319408  0.0864514  -0.0286615  
9.85739  75.5441  332.834  -0.0334344  0.0864939  -0.0290142  
9.84841  76.0496  333.188  -0.0343426  0.0913601  -0.0317067  
9.76976  77.2815  333.756  -0.0318376  0.0946187  -0.0350858  
9.7204  78.6951  333.327  -0.0302147  0.0950852  -0.0387402  
9.76496  79.3191  333.114  -0.0291705  0.0964117  -0.0396339  
10.0504  81.0739  332.475  -0.0132466  0.0900569  -0.0449068  
10.1071  82.2061  332.306  -0.00111861  0.0857753  -0.047387  
10.3209  85.3139  332.226  0.0370992  0.0886217  -0.0595428  
10.864  89.3538  332.813  0.0859146  0.0957847  -0.0709786  
11.3674  91.7476  333.039  0.106401  0.0907346  -0.0747163  
12.7418  96.7191  332.956  0.173154  0.0757904  -0.0849734  
13.5147  99.0432  332.398  0.198523  0.078254  -0.0916652  
14.9547  102.917  331.923  0.255435  0.0576361  -0.0980861  
15.6951  104.234  331.135  0.289412  0.0592391  -0.0994806  
16.9552  106.145  328.812  0.361383  0.0620247  -0.0985259  
16.9552  106.145  328.812  0.361386  0.062025  -0.0985259  
16.9552  106.145  328.812  0.361386  0.062025  -0.0985259  
16.9552  106.145  328.812  0.361386  0.062025  -0.0985259  
19.8303  104.152  321.954  0.405554  0.0277641  -0.0841279  
20.2811  101.416  320.708  0.363129  0.0116923  -0.0797214  
20.4643  99.8356  320.843  0.333275  0.00353831  -0.0744876  
21.1986  95.8378  320.895  0.278594  -0.00154626  -0.0649886  
21.4483  94.2432  321.388  0.255215  -0.00236122  -0.0633123  
21.7964  91.9684  323.258  0.207981  -0.00180896  -0.0643633  
21.9458  91.1654  324.016  0.180156  0.00683248  -0.0702983  
21.3582  89.5729  326.425  0.128318  0.0127574  -0.0857563  
21.3294  87.4046  329.367  0.0844212  0.0242747  -0.0926658  
21.2592  86.2829  331.065  0.0634985  0.0345921  -0.0924905  
21.1662  83.7005  336.197  0.0403291  0.042777  -0.0927329  
21.1566  82.236  338.571  0.0217569  0.0439402  -0.0924412  
21.843  79.1185  341.881  -0.00710775  0.0404573  -0.0970731  
22.89  77.2951  342.986  -0.0484678  0.0338301  -0.104653  
22.8757  77.5268  341.671  -0.0695079  0.0269598  -0.103227  
22.7046  78.1631  341.154  -0.0857917  0.0226041  -0.106214  
22.5054  79.2634  341.438  -0.0832733  0.0253892  -0.109109  
22.5291  79.2823  341.184  -0.0946647  0.0271013  -0.104818  
22.2419  79.4285  339.817  -0.105584  0.0275184  -0.103  
21.9372  80.2043  339.535  -0.0994276  0.0246634  -0.104763  
21.8677  80.5085  339.389  -0.0904472  0.0265443  -0.1037  
22.0499  80.4538  338.877  -0.0870954  0.0309941  -0.101982  
22.1249  80.181  338.474  -0.0917481  0.0338909  -0.0993137  
22.3828  79.8407  338.595  -0.0890604  0.0331412  -0.0961648  
22.6936  79.6399  338.867  -0.0879523  0.0319813  -0.0921353  
22.8933  79.6364  338.691  -0.0892179  0.0358578  -0.0929449  
23.146  79.9759  339.504  -0.0849807  0.0347657  -0.0941581  
23.6643  80.5221  340.53  -0.0837632  0.0317086  -0.0943894  
24.1324  80.4756  341.467  -0.0766999  0.0368672  -0.0958943  
24.3364  80.302  342.489  -0.0810719  0.0363768  -0.0924844  
24.8891  79.8088  343.107  -0.0796283  0.0340798  -0.0895006  
24.9489  79.6592  343.108  -0.0782581  0.0381232  -0.0900864  
24.9205  79.2018  342.746  -0.0825893  0.0330391  -0.0910374  
24.603  78.7147  341.786  -0.0800341  0.0355471  -0.0897832  
24.367  78.5389  341.468  -0.0763574  0.0325871  -0.0880967  
23.9399  78.3367  339.943  -0.0799731  0.0234391  -0.0851097  
23.2708  78.8148  338.087  -0.0866457  0.01951  -0.0844836  
22.4852  80.3332  337.136  -0.0784649  0.0107643  -0.0923367  
22.1631  80.7103  337.433  -0.0736569  0.0184588  -0.0972089  
22.3905  79.6022  338.665  -0.076852  0.0225571  -0.0946331  
22.5466  78.7261  338.533  -0.0732912  0.0267063  -0.0919052  
22.8926  77.8101  338.013  -0.0758951  0.0256463  -0.0895253  
23.1301  77.2018  338.631  -0.0708054  0.0252366  -0.0880458  
23.2307  76.9482  338.684  -0.0714637  0.0219454  -0.0864032  
23.2318  76.9345  337.002  -0.0810798  0.0266436  -0.0866865  
23.3087  77.2217  336.25  -0.0837231  0.0236081  -0.0864513  
23.3955  78.0253  336.163  -0.074226  0.0273768  -0.0852428  
23.2385  78.543  336.268  -0.0690697  0.02681  -0.0840125  
22.923  79.4315  336.082  -0.0698562  0.0188435  -0.0865397  
22.8256  79.8076  335.907  -0.0664174  0.0185043  -0.0857471  
23.1615  80.086  336.97  -0.0686052  0.0246041  -0.0858865  
23.435  79.7569  337.074  -0.0685973  0.0283838  -0.0811855  
23.7386  79.6102  337.312  -0.0738048  0.0246182  -0.0822949  
24.181  79.7809  336.934  -0.0731226  0.0272779  -0.0808695  
24.4153  79.9744  336.952  -0.0728452  0.0233204  -0.0808444  
24.8187  80.382  335.575  -0.0783708  0.0256326  -0.0824034  
24.9135  80.6452  335.319  -0.0779454  0.0256352  -0.0837179  
24.8274  80.666  333.276  -0.081254  0.0221914  -0.0843559  
24.6265  80.6761  332.23  -0.0799924  0.0205817  -0.0834173  
24.2483  80.5142  330.394  -0.0731626  0.0181913  -0.0856104  
24.0371  80.1268  328.955  -0.0679893  0.0251622  -0.0867271  
24.067  79.8565  328.582  -0.0640785  0.0159163  -0.0860473  
24.3968  79.2748  328.073  -0.0598107  0.011684  -0.0867661  
24.553  79.0686  328.052  -0.0587732  0.0166985  -0.0868863  
25.0764  78.4878  328.145  -0.0543062  0.0252632  -0.0849376  
25.0417  78.3258  329.102  -0.0509315  0.0296664  -0.0780903  
24.9559  78.5132  329.897  -0.0538638  0.0262966  -0.077008  
24.7609  79.5059  329.303  -0.0609136  0.0193543  -0.0759942  
24.7489  80.4028  328.683  -0.0668391  0.0151765  -0.0789445  
24.7801  82.4244  329.439  -0.0616707  0.00980576  -0.0812406  
24.4378  83.2105  330.619  -0.0503639  0.0146878  -0.0814868  
24.1329  84.0054  332.031  -0.0558101  0.0222521  -0.0798125  
23.8573  84.35  332.076  -0.0582501  0.014908  -0.0761788  
23.7404  85.157  332.514  -0.0576605  0.015573  -0.0738842  
23.1386  86.0403  332.357  -0.0568755  0.0118339  -0.0746538  
22.7178  86.1683  332.305  -0.055842  0.016357  -0.0752695  
22.6728  86.0103  331.486  -0.0619948  0.0169717  -0.0739047  
22.5091  86.2012  330.458  -0.0655484  0.0149657  -0.0736849  
22.0484  86.9688  330.623  -0.0553454  0.00984706  -0.0752697  
21.8749  87.0042  330.559  -0.0492056  0.00477712  -0.0759258  
21.9151  86.9766  330.731  -0.0484458  0.00343047  -0.0781135  
21.995  86.778  330.843  -0.0497149  0.00624616  -0.0777084  
22.5384  86.0098  331.561  -0.0527033  0.010018  -0.0782246  
23.2499  84.8925  332.559  -0.053614  0.0172123  -0.0769702  
23.6006  84.167  332.898  -0.049651  0.0189317  -0.0760847  
24.5117  82.8922  333.608  -0.05022  0.0147046  -0.0737118  
24.7361  82.3702  334.265  -0.0503113  0.0199458  -0.0740292  
25.329  81.5586  334.08  -0.0490741  0.0219104  -0.0722989  
25.5237  81.3836  334.071  -0.04955  0.0202515  -0.071465  
25.812  81.6027  333.443  -0.0526365  0.0103724  -0.0717823  
25.9312  81.6933  333.415  -0.0508338  0.00598759  -0.0718388  
25.9557  82.2497  333.028  -0.0614358  0.00480428  -0.0727223  
25.8038  82.734  332.93  -0.0588689  0.00712755  -0.0738406  
25.6042  82.8463  332.59  -0.0579961  0.00273911  -0.0742431  
25.498  82.7534  332.405  -0.0584602  0.00318578  -0.0730596  
25.2343  82.5581  331.302  -0.0597895  -0.000898243  -0.0712519  
25.2188  82.2918  329.437  -0.0681029  0.00304631  -0.0742404  
25.3239  82.0561  328.774  -0.0635459  0.00591155  -0.0737596  
25.3221  81.9135  328.808  -0.0572891  0.00835264  -0.0745157  
25.3636  81.8599  328.787  -0.0553734  0.0025006  -0.0737874  
25.1171  81.7732  329.63  -0.0589606  -0.000179677  -0.0731017  
24.6657  81.3841  329.81  -0.0606819  0.00664406  -0.0708669  
24.2475  81.392  329.599  -0.054912  0.00831035  -0.0685769  
23.411  82.0103  328.953  -0.0589105  -0.00478966  -0.068822  
23.0455  82.5155  328.753  -0.0579029  -0.000456243  -0.0707335  
22.303  83.4374  328.047  -0.0659636  -0.00976818  -0.0715232  
21.807  84.2301  327.41  -0.0737409  -0.0114453  -0.0716998  
21.6748  84.579  327.126  -0.072879  -0.0142714  -0.0722322  
21.9623  84.8825  327.638  -0.0673635  -0.00701696  -0.0730949  
22.0716  84.7353  326.7  -0.07038  -0.00265263  -0.0725488  
22.2725  84.6408  326.898  -0.0633518  -0.00675937  -0.0730203  
22.2752  84.5431  327.345  -0.0571615  -0.00725191  -0.0724307  
22.2713  83.9924  327.433  -0.0641037  -0.0114716  -0.0706814  
22.1075  83.7925  327.178  -0.0664182  -0.00533084  -0.0705361  
21.7704  83.6881  327.026  -0.066408  -0.00286274  -0.0729577  
22.0162  83.6103  327.155  -0.0618568  -5.45583e-05  -0.0737342  
22.042  83.5  326.588  -0.0588464  0.00447254  -0.0752622  
22.2187  83.0636  326.974  -0.0567513  0.00698026  -0.0757243  
22.1775  82.8208  327.597  -0.051232  0.00431653  -0.0736943  
22.55  81.9374  328.187  -0.0547922  0.01298  -0.0767562  
22.8312  81.0226  328.059  -0.0573941  0.0100427  -0.0778017  
23.125  80.6488  328.272  -0.0534404  0.0104342  -0.077123  
23.4342  80.2749  328.114  -0.0491574  0.0025426  -0.0780986  
23.8567  79.6129  327.84  -0.0587909  0.0052236  -0.0763406  
24.2916  79.8978  327.566  -0.0596986  0.00318675  -0.0786826  
24.242  80.3223  327.535  -0.058906  0.00139814  -0.077512  
23.8313  81.3533  327.49  -0.0662129  -0.0016874  -0.0796299  
23.4416  82.0442  326.979  -0.0611968  0.0022215  -0.0814826  
22.6687  83.0754  327.805  -0.0503044  0.00629491  -0.0883953  
22.3466  82.3476  327.291  -0.0500663  0.0041114  -0.0858891  
22.0071  82.0827  326.812  -0.0462895  -0.00420687  -0.0857947  
21.6333  82.0112  326.482  -0.0472148  -0.00316155  -0.0882247  
21.2136  81.6671  325.886  -0.045616  -0.00225983  -0.0874951  
20.7938  81.2845  325.183  -0.0455071  -0.000539726  -0.0891929  
20.5413  81.4288  324.329  -0.0407788  -0.00973934  -0.0901923  
20.1459  81.8606  323.626  -0.0322295  -0.0018612  -0.0977148  
20.1508  81.714  323.324  -0.0285075  0.00157734  -0.0967439  
20.105  81.3661  322.807  -0.0304505  -8.86061e-05  -0.0953025  
20.0601  81.3333  322.076  -0.0415262  -0.0079002  -0.0973141  
20.1197  81.4282  322.179  -0.0378608  -0.00258348  -0.0994095  
20.2383  80.9469  322.488  -0.0322397  -0.00738325  -0.0987103  
20.2774  80.8258  322.449  -0.0283325  0.00289727  -0.0994155  
20.417  80.6514  322.09  -0.0315051  0.00620563  -0.100234  
20.7315  80.8009  321.854  -0.0377919  -0.00137979  -0.103772  
20.5714  81.5078  321.171  -0.0468657  -0.014505  -0.11287  
20.2905  82.4889  321.171  -0.0577627  -0.027333  -0.125369  
19.1557  85.5896  320.776  -0.0643905  -0.0368472  -0.164294  
18.6691  87.732  320.224  -0.0767761  -0.0477922  -0.182281  
17.9411  92.9819  319.799  -0.0677233  -0.0549582  -0.232087  
17.938  92.9931  319.911  -0.0638993  -0.0560494  -0.232021  
17.9368  92.9966  319.948  -0.0625507  -0.0567318  -0.231975  
17.9364  92.9976  319.961  -0.0620714  -0.0571157  -0.231947  
17.9362  92.9979  319.965  -0.0618972  -0.0573211  -0.231932  
17.9362  92.998  319.966  -0.0618319  -0.0574281  -0.231923  
17.9361  92.998  319.967  -0.0618065  -0.0574829  -0.231919  
17.9361  92.998  319.967  -0.0617961  -0.0575108  -0.231917  
17.9361  92.998  319.967  -0.0617918  -0.0575248  -0.231916  
17.9361  92.998  319.967  -0.0617898  -0.0575319  -0.231915  
17.9361  92.998  319.967  -0.0617889  -0.0575354  -0.231915  
17.2689  99.3967  328.238  0.0575785  0.0426398  -0.23724  
19.6299  86.268  328.121  0.0592394  0.0688691  -0.141405  
21.4968  80.6574  329.02  0.0427361  0.0943145  -0.0895308  
24.3232  74.6659  328.46  -0.0245998  0.0625283  -0.0178295  
24.4855  74.7846  327.149  -0.0531534  0.0290116  -0.0163116  
23.5185  79.4444  327.464  -0.0695276  0.00710032  -0.0536717  
23.8482  81.4768  328.122  -0.0803241  0.00626704  -0.0624033  
25.8339  82.9874  330.938  -0.0930918  0.00661232  -0.0764605  
29.1499  81.3592  332.623  -0.11802  0.0017492  -0.0848977  
31.4577  79.5704  331.968  -0.14776  -0.020621  -0.08265  
36.522  75.6645  329.817  -0.185605  -0.0943887  -0.0719582  
39.5846  74.6664  329.293  -0.168406  -0.154749  -0.062627  
44.4608  73.8432  326.613  -0.136608  -0.248215  -0.0379532  
48.7053  74.2253  325.648  -0.112054  -0.324142  -0.0212167  
50.6042  74.139  324.606  -0.111397  -0.366105  -0.0124362  
54.2858  74.3716  323.279  -0.0966549  -0.451883  0.0121853  
54.841  74.8709  322.353  -0.0789695  -0.472312  0.0200173  
54.1883  75.488  322.189  -0.0509874  -0.48462  0.0196885  
53.6539  75.1039  321.598  -0.0550168  -0.476833  0.0183856  
52.93  72.7822  320.089  -0.06176  -0.461191  0.025654  
52.4063  71.3548  318.691  -0.0629118  -0.44828  0.0288137  
49.5106  69.3089  313.992  -0.0415424  -0.403168  0.0316197  
44.9245  69.2892  309.988  -0.0293192  -0.3447  0.0252403  
42.4385  70.1916  308.693  -0.0219636  -0.313741  0.0212128  
37.1871  73.5272  306.64  -0.0177493  -0.262094  0.017006  
34.157  76.0402  307.213  -0.00472914  -0.218774  0.0122041  
28.9366  81.6558  311.133  0.00876629  -0.151894  0.00488211  
27.677  84.2579  313.404  -0.00070549  -0.108155  -0.0066684  
27.008  87.123  315.495  -0.0235697  -0.0835924  -0.0160562  
27.0193  87.6632  315.601  -0.0388891  -0.0798842  -0.0188284  
27.0071  88.0861  315.641  -0.0454491  -0.0700452  -0.0184101  
26.9254  87.5865  315.766  -0.0405727  -0.0561189  -0.0160088  
26.9899  87.0676  315.824  -0.0384775  -0.055723  -0.0153941  
27.1665  85.5676  315.642  -0.045528  -0.0449313  -0.0100779  
27.1092  84.8324  315.523  -0.0430444  -0.0474787  -0.00733287  
26.8923  84.0431  315.249  -0.0473248  -0.0465813  -0.00634651  
26.8236  83.9583  315.21  -0.0508959  -0.0401124  -0.00773787  
27.1436  83.9181  315.147  -0.0600323  -0.0334802  -0.00756988  
27.3459  84.074  315.277  -0.0546193  -0.0325333  -0.00964533  
27.6242  84.4461  315.846  -0.0488302  -0.0298874  -0.0129882  
27.9638  84.1962  316.438  -0.0486998  -0.0217944  -0.0152934  
28.201  83.8072  316.439  -0.0550127  -0.0195996  -0.0153009  
28.6176  82.9743  316.348  -0.0538956  -0.0206082  -0.0165646  
29.0734  82.6908  316.269  -0.0595498  -0.0204138  -0.0179377  
29.7213  82.1948  316.653  -0.049288  -0.0185609  -0.0198455  
30.1  81.9704  316.983  -0.050717  -0.0134644  -0.0228473  
30.2577  82.0444  317.542  -0.048241  -0.0135444  -0.0241676  
30.3467  82.724  317.967  -0.0571699  -0.0130735  -0.0285887  
30.3607  83.1784  318.435  -0.0537103  -0.0133715  -0.0324047  
30.3536  83.8462  318.867  -0.0531942  -0.00571588  -0.0316584  
30.5089  84.1552  319.538  -0.0502639  -0.00338305  -0.0318655  
30.5114  84.7403  319.312  -0.0554251  -0.0105165  -0.0271479  
30.4667  85.1534  319.717  -0.0574757  -0.00801492  -0.0273769  
30.5215  85.4848  320.706  -0.0571055  -0.00268114  -0.0233522  
30.7693  85.4607  322.097  -0.0455041  -0.00633875  -0.0196559  
30.7487  85.4908  322.102  -0.0449292  -0.00371009  -0.0208517  
30.6909  85.9371  321.869  -0.0472084  -0.00754646  -0.0219592  
30.6242  86.197  321.552  -0.0426495  -0.0117689  -0.023678  
30.1634  86.5004  321.67  -0.0392495  -0.0106859  -0.0232255  
30.05  86.3267  321.766  -0.0332111  -0.0118644  -0.0242216  
29.667  86.0451  320.921  -0.0247443  -0.0145258  -0.0277886  
29.7753  86.0115  320.536  -0.0132388  -0.0148575  -0.0305872  
30.459  86.7976  321.503  0.0274053  -0.0212743  -0.0361565  
31.6622  88.2415  322.255  0.0583673  -0.0190183  -0.0403389  
32.275  89.0415  323.164  0.0830634  -0.0240581  -0.0405955  
33.7062  91.1586  324.474  0.110283  -0.01991  -0.0458529  
34.2327  92.4714  325.355  0.119696  -0.023194  -0.0478428  
34.6918  95.6676  326.128  0.14468  -0.0180296  -0.0551694  
34.3939  99.3546  327.091  0.186262  -0.0219165  -0.0601944  
34.335  101.453  328.554  0.215606  -0.0138109  -0.0640272  
34.0792  103.19  329.2  0.255811  0.00409576  -0.0637193  
34.5884  106.11  332.049  0.324048  0.0278438  -0.0691489  
34.9919  108.072  333.849  0.3634  0.0383083  -0.0688688  
35.3031  108.808  333.913  0.387026  0.0373145  -0.0723555  
35.3031  108.808  333.913  0.387026  0.0373147  -0.0723556  
35.3031  108.808  333.913  0.387026  0.0373147  -0.0723556  
35.3031  108.808  333.913  0.387026  0.0373147  -0.0723556  
30.227  108.651  337.652  0.535424  -0.20888  -0.0596821  
30.227  108.651  337.652  0.535424  -0.20888  -0.0596821  
30.227  108.651  337.652  0.535424  -0.20888  -0.0596821  
30.227  108.651  337.652  0.535424  -0.20888  -0.0596821  
30.227  108.651  337.652  0.535424  -0.20888  -0.0596821  
38.0225  107.484  330.623  0.321801  0.0217284  -0.063896  
37.6025  104.643  327.65  0.257825  0.00131255  -0.0595103  
37.0398  103.211  326.216  0.221413  -0.00940033  -0.0616523  
35.5157  99.8626  323.467  0.156531  -0.0286365  -0.0709633  
34.5987  96.2477  322.259  0.0959348  -0.0240195  -0.0744051  
33.6498  92.8678  320.797  0.0470952  -0.0248592  -0.0711242  
33.1196  90.01  319.398  0.00830083  -0.0266737  -0.07465  
32.6828  87.3865  317.6  -0.0226635  -0.0191738  -0.0810489  
32.3919  84.732  317.796  -0.0446461  -0.00404923  -0.0821153  
32.4052  83.0968  317.675  -0.0638136  0.00156392  -0.0814098  
32.097  79.738  318.56  -0.089882  0.00200981  -0.0843603  
32.1672  76.6937  319.546  -0.130016  0.000230186  -0.0861071  
32.058  74.2545  318.993  -0.172441  -0.00601568  -0.0927256  
32.0707  73.3015  318.947  -0.201422  -0.0105569  -0.0989411  
32.1581  73.6089  317.317  -0.214304  -0.0191047  -0.0970578  
31.8157  74.8902  317.472  -0.212878  -0.01562  -0.0953219  
31.3313  75.7477  317.437  -0.215526  -0.0207018  -0.0983589  
31.1711  76.2603  318.37  -0.213421  -0.011848  -0.100917  
30.6823  77.1133  317.301  -0.210166  -0.0132068  -0.10014  
30.5969  77.5973  317.201  -0.209382  -0.00963484  -0.10127  
30.5091  78.5254  316.78  -0.196562  -0.00956608  -0.104122  
30.8395  78.9287  316.665  -0.198449  -0.00167441  -0.10378  
31.8792  78.3438  316.508  -0.202693  0.000764845  -0.100133  
32.9842  77.8187  316.713  -0.201624  -0.00449732  -0.0948581  
33.2121  77.5557  317.558  -0.196953  -0.000236028  -0.0895532  
33.2197  77.1315  319.545  -0.198625  0.00376271  -0.0842552  
34.0166  76.68  319.87  -0.200679  0.00411927  -0.0834124  
34.6767  76.6332  319.809  -0.206179  -0.000748469  -0.0850174  
36.4756  76.5724  318.805  -0.205371  -0.0106784  -0.0869694  
38.5797  76.462  318.958  -0.19422  -0.00566898  -0.083602  
40.1079  76.0663  319.058  -0.185262  -0.00379501  -0.0792731  
41.2896  75.257  319.554  -0.188136  0.00576036  -0.0761781  
42.5187  74.3131  317.667  -0.201397  0.0110921  -0.0735969  
43.4619  73.9389  315.471  -0.195394  0.0141789  -0.0723087  
43.6716  73.8921  315.286  -0.185231  0.0221997  -0.072925  
42.8685  72.7454  313.748  -0.177347  0.0270641  -0.0697112  
41.6203  71.4408  310.59  -0.18019  0.0284269  -0.0626715  
40.644  71.3196  306.658  -0.1767  0.0180569  -0.0690681  
41.3297  71.3493  301.857  -0.180159  0.00452658  -0.0727565  
42.2372  72.5661  299.205  -0.158033  -0.00927395  -0.0671732  
42.2104  73.0791  297.626  -0.154883  -0.00803141  -0.0712487  
42.549  74.9382  295.418  -0.15027  -0.0178699  -0.0814024  
41.5258  76.3401  296.975  -0.149696  0.0130673  -0.0947385  
40.6146  74.9141  299.858  -0.187449  0.0244934  -0.0963185  
39.1699  71.929  299.71  -0.254049  0.0277972  -0.102154  
38.8554  68.5124  297.233  -0.28126  0.0202565  -0.0955394  
40.1628  65.2538  295.791  -0.262401  0.0157252  -0.0886538  
41.1695  62.7472  295.933  -0.237296  0.0304216  -0.0929  
41.2394  60.5023  296.653  -0.237927  0.0372224  -0.085575  
40.6442  59.3503  298.399  -0.252707  0.0373851  -0.0821521  
40.5864  59.2797  298.326  -0.249705  0.0383966  -0.0839819  
39.8987  59.539  296.637  -0.237205  0.0558287  -0.0785459  
37.8212  59.3439  295.019  -0.215457  0.0618803  -0.0789673  
33.3579  59.7474  294.821  -0.20478  0.0662012  -0.0860375  
27.2441  60.2493  293.886  -0.205847  0.0554761  -0.0764068  
21.3557  60.8877  291.767  -0.214804  0.0272016  -0.0422491  
15.8867  63.3486  290.312  -0.210482  0.00344656  -0.00726313  
10.5563  67.7817  290.863  -0.196535  -0.00442001  -0.000649021  
5.71197  72.1079  291.085  -0.235058  -2.0958e-05  -0.00969436  
3.19274  73.9048  290.175  -0.251725  0.00278924  -0.00345064  
-1.47084  76.9025  289.934  -0.251534  0.00723666  -0.00387067  
-6.57135  77.9943  287.344  -0.272136  0.00903603  -0.0194734  
-10.7156  77.3311  287.443  -0.29629  -0.00173428  -0.00997975  
-14.1023  74.9085  287.6  -0.327292  -0.013651  0.00428454  
-16.4585  71.7703  288.526  -0.335634  -0.024235  0.00603068  
-17.2771  68.6192  289.124  -0.323003  -0.0403101  0.00347407  
-17.2687  66.9994  289.619  -0.319445  -0.0470357  0.003642  
-16.3071  63.2226  290.735  -0.333588  -0.0523054  0.010823  
-15.4394  58.6647  294.138  -0.350288  -0.0474322  0.0333468  
-14.5774  53.1196  297.728  -0.353595  -0.0503778  0.0496462  
-12.9545  47.464  301.243  -0.34219  -0.052413  0.0510465  
-10.9426  41.2881  304.13  -0.341535  -0.0443908  0.0613182  
-10.0881  38.3586  305.14  -0.339814  -0.0439316  0.0682641  
-8.41303  33.8626  309.133  -0.322357  -0.0437297  0.0772446  
-7.21775  30.5098  314.112  -0.317272  -0.0325406  0.0774767  
-4.80009  29.4033  319.282  -0.296538  -0.043743  0.0716578  
-1.25353  31.1294  323.765  -0.278262  -0.0423738  0.0703917  
2.97714  34.9349  326.833  -0.286617  -0.0273096  0.0790667  
7.01107  40.3405  328.759  -0.299667  -0.0116153  0.0895369  
9.59045  45.4901  329.668  -0.312414  0.00487976  0.094439  
10.9835  49.5714  330.566  -0.323242  0.0111188  0.0937701  
11.638  52.4786  329.278  -0.329544  0.0171631  0.093719  
11.7627  53.7495  328.948  -0.329331  0.026558  0.0916607  
11.5813  55.41  326.075  -0.330714  0.0263632  0.0881565  
10.8889  56.3303  321.64  -0.332722  0.0340472  0.0860986  
9.53179  56.9608  316.31  -0.336968  0.0313145  0.0866192  
7.87888  58.136  312.806  -0.327428  0.0320628  0.0852744  
5.8054  59.2956  308.169  -0.330055  0.0291759  0.0806535  
3.851  60.2319  303.378  -0.327792  0.0172846  0.077369  
1.86523  60.1211  298.084  -0.343107  0.0168495  0.0788008  
0.0148019  58.9036  293.443  -0.349465  0.00704739  0.0787432  
-0.84456  57.9227  290.914  -0.351668  0.00325347  0.0778579  
-2.24734  55.4002  286.713  -0.351821  -0.00428815  0.0748769  
-2.81863  52.8276  284.068  -0.346974  -0.0155001  0.0735954  
-2.74989  50.731  283.051  -0.336172  -0.0172773  0.0796802  
